# Memory dump: 0x60000 - 0x64000
# Segment: dseg03
#============================================================================

# Address        | Hex Bytes                                       | ASCII
#----------------------------------------------------------------------------
0000000000060000 | 00 00 00 0E 15 26 0D 14  25 0D 14 25 0D 14 25 0C  | .....&..%..%..%.
0000000000060010 | 13 24 0C 13 24 0B 12 23  0B 12 23 0B 12 23 0B 12  | .$..$..#..#..#..
0000000000060020 | 23 0C 13 24 0C 13 24 0D  14 25 0E 15 26 0E 15 26  | #..$..$..%..&..&
0000000000060030 | 0E 15 26 0E 15 26 0D 14  25 0D 14 25 0D 14 25 0C  | ..&..&..%..%..%.
0000000000060040 | 13 24 0C 13 24 0B 12 23  0B 12 23 0B 12 23 0B 12  | .$..$..#..#..#..
0000000000060050 | 23 0C 13 24 0C 13 24 0D  14 25 0E 15 26 0E 15 26  | #..$..$..%..&..&
0000000000060060 | 00 00 00 00 00 00 00 00  00 00 00 00 00 00 00 00  | ................
0000000000060070 | 00 00 00 00 00 00 00 00  00 00 00 00 00 00 00 00  | ................
0000000000060080 | 00 00 00 00 00 00 00 00  00 00 00 00 00 00 00 00  | ................
0000000000060090 | 00 00 00 00 00 00 00 00  00 00 00 00 00 00 00 00  | ................
00000000000600A0 | 00 00 00 00 00 00 00 00  00 00 00 00 00 00 00 00  | ................
00000000000600B0 | 00 00 00 00 00 00 00 00  00 00 00 00 00 00 00 00  | ................
00000000000600C0 | 00 00 00 00 00 00 00 00  00 00 00 00 00 00 00 00  | ................
00000000000600D0 | 00 00 00 00 00 00 00 00  00 00 00 00 00 00 00 00  | ................
00000000000600E0 | 00 00 00 00 00 00 00 00  00 00 00 00 00 00 00 00  | ................
00000000000600F0 | 00 00 00 00 00 00 00 00  00 00 00 00 00 00 00 00  | ................
0000000000060100 | 00 00 00 00 00 00 00 00  00 00 00 00 00 00 00 00  | ................
0000000000060110 | 00 00 00 00 00 00 00 00  00 00 00 00 00 00 00 00  | ................
0000000000060120 | 00 00 00 00 00 00 00 00  00 00 00 00 00 00 00 00  | ................
0000000000060130 | 00 00 00 00 00 00 00 00  00 00 00 00 00 00 00 00  | ................
0000000000060140 | 00 00 00 00 00 00 00 00  00 00 00 00 00 00 00 00  | ................
0000000000060150 | 00 00 00 00 00 00 00 00  00 00 00 00 00 00 00 00  | ................
0000000000060160 | 00 00 00 00 00 00 00 00  00 00 00 00 00 00 00 00  | ................
0000000000060170 | 00 00 00 00 00 00 00 00  00 00 00 00 00 00 00 00  | ................
0000000000060180 | 00 01 2D 29 0B 12 27 15  0C 1B 01 21 18 21 01 0B  | ..-)..'....!.!..
0000000000060190 | 15 1F 0D 3E 0C 1F 16 18  1B 02 21 18 0D 02 0A 19  | ...>......!.....
00000000000601A0 | 0C 23 35 0B 20 17 23 19  03 21 18 17 03 13 21 15  | .#5. .#..!....!.
00000000000601B0 | 28 2C 0B 21 18 2E 1A 04  21 2C 21 04 12 29 1E 3B  | (,.!....!,!..).;
00000000000601C0 | 23 10 22 19 34 17 05 17  36 2B 05 11 3B 3C 12 1A  | #.".4...6+..;<..
00000000000601D0 | 0F 2D 1A 35 1B 06 17 04  35 10 1A 1A 13 39 25 0E  | .-.5....5....9%.
00000000000601E0 | 2E 1B 23 25 07 17 2C 3F  39 19 3F 1C 2E 10 12 2F  | ..#%..,?9.?..../
00000000000601F0 | 1C 05 25 08 17 0E 15 1C  19 20 2A 23 38 0D 30 1C  | ..%...... *#8.0.
0000000000060200 | 04 25 09 21 0E 3F 0F 19  3C 24 0E 2E 16 31 1D 0D  | .%.!.?..<$...1..
0000000000060210 | 25 00 35 18 03 19 22 2D  2E 21 10 16 3B 14 1D 2C  | %.5..."-.!..;..,
0000000000060220 | 0B 35 2B 0D 0F 21 2C 3E  20 38 1C 33 14 26 37 0C  | .5+..!,> 8.3.&7.
0000000000060230 | 35 36 17 37 21 39 1A 0B  37 1B 34 1D 2D 39 0D 35  | 56.7!9..7.4.-9.5
0000000000060240 | 04 21 2A 3F 26 2D 34 36  1A 35 30 3C 05 0E 3F 18  | .!*?&-46.50<..?.
0000000000060250 | 0D 0C 2B 3E 18 35 2E 19  0E 34 14 39 0F 3F 22 33  | ..+>.5...4.9.?"3
0000000000060260 | 2C 35 11 2A 2C 35 22 37  3E 28 3A 10 3F 0E 17 2D  | ,5.*,5"7>(:.?..-
0000000000060270 | 3E 19 03 23 34 21 2D 34  0A 11 11 3F 18 21 24 2A  | >..#4!-4...?.!$*
0000000000060280 | 1F 02 38 1A 20 38 2A 32  25 12 17 0E 3F 1B 33 17  | ..8. 8*2%...?.3.
0000000000060290 | 3D 07 33 1F 11 16 3C 24  13 2B 36 3F 08 0B 02 15  | =.3...<$.+6?....
00000000000602A0 | 01 32 1F 13 02 32 2F 0A  21 22 35 19 0B 01 0A 00  | .2...2/.!"5.....
00000000000602B0 | 5F 00 00 00 00 00 00 00  01 01 00 00 00 00 05 00  | _...............
00000000000602C0 | 32 00 05 00 01 14 00 5F  00 00 00 00 00 00 00 01  | 2......_........
00000000000602D0 | 01 00 00 00 00 05 00 FA  00 05 00 01 28 00 5A 00  | ............(.Z.
00000000000602E0 | 00 00 00 00 00 00 01 01  00 00 00 00 05 00 20 03  | .............. .
00000000000602F0 | 05 00 01 41 00 55 00 00  00 00 00 00 00 01 01 00  | ...A.U..........
0000000000060300 | 00 00 00 05 00 DC 05 05  00 01 5A 00 55 00 00 00  | ..........Z.U...
0000000000060310 | 00 00 02 0A 01 01 00 00  00 00 05 00 60 09 05 00  | ............`...
0000000000060320 | 01 6E 00 5A 00 00 00 00  00 00 00 01 01 00 00 00  | .n.Z............
0000000000060330 | 00 05 00 68 10 05 00 01  87 00 5A 00 00 00 00 00  | ...h......Z.....
0000000000060340 | 00 00 01 01 00 00 00 00  05 00 78 1E 05 00 01 96  | ..........x.....
0000000000060350 | 00 78 00 00 00 00 00 04  14 01 01 00 00 00 00 05  | .x..............
0000000000060360 | 00 80 25 05 00 01 F0 00  6E 00 00 00 00 00 00 00  | ..%.....n.......
0000000000060370 | 01 01 00 00 00 00 05 00  E0 2E 05 00 01 18 01 64  | ...............d
0000000000060380 | 00 00 00 00 00 00 00 01  01 00 00 00 00 05 00 50  | ...............P
0000000000060390 | 46 05 00 01 5E 01 78 00  0A 00 00 00 00 00 01 01  | F...^.x.........
00000000000603A0 | 00 00 00 00 05 00 A8 61  05 00 01 9F 01 78 00 1E  | .......a.....x..
00000000000603B0 | 00 0A 00 04 1E 01 02 14  03 00 05 00 01 02 00 00  | ................
00000000000603C0 | 00 01 08 00 64 00 00 00  00 00 00 00 01 01 00 00  | ....d...........
00000000000603D0 | 00 00 05 00 1E 00 05 00  01 14 00 5A 00 00 00 00  | ...........Z....
00000000000603E0 | 00 00 00 01 01 00 00 00  00 05 00 C8 00 05 00 01  | ................
00000000000603F0 | 32 00 5F 00 00 00 00 00  02 14 01 01 00 00 00 00  | 2._.............
0000000000060400 | 05 00 B0 04 05 00 01 50  00 78 00 00 00 00 00 00  | .......P.x......
0000000000060410 | 00 01 01 00 00 00 00 05  00 D0 07 05 00 01 78 00  | ..............x.
0000000000060420 | 78 00 00 00 00 00 00 00  01 01 00 00 00 00 05 00  | x...............
0000000000060430 | 88 13 05 00 01 96 00 64  00 1E 00 00 00 00 00 01  | .......d........
0000000000060440 | 01 00 00 00 00 05 00 40  1F 05 00 01 A5 00 5A 00  | .......@......Z.
0000000000060450 | 00 00 00 00 04 05 01 01  00 00 00 00 05 00 60 22  | ..............`"
0000000000060460 | 05 00 01 C8 00 78 00 00  00 00 00 00 00 01 01 00  | .....x..........
0000000000060470 | 00 00 00 05 00 D0 39 05  00 03 14 00 5A 00 00 00  | ......9.....Z...
0000000000060480 | 00 00 00 00 01 02 00 00  00 00 05 00 50 00 05 00  | ............P...
0000000000060490 | 03 1C 00 5A 00 00 00 00  00 00 00 01 02 00 00 00  | ...Z............
00000000000604A0 | 00 05 00 90 01 05 00 03  32 00 55 00 00 00 00 00  | ........2.U.....
00000000000604B0 | 00 00 01 02 00 00 00 00  05 00 B0 04 05 00 03 55  | ...............U
00000000000604C0 | 00 5A 00 00 00 00 00 00  00 01 02 00 00 00 00 05  | .Z..............
00000000000604D0 | 00 08 07 05 00 03 78 00  55 00 00 00 00 00 00 00  | ......x.U.......
00000000000604E0 | 01 02 00 00 00 00 05 00  30 11 05 00 03 96 00 64  | ........0......d
00000000000604F0 | 00 00 00 00 00 00 00 01  02 00 00 00 00 05 00 70  | ...............p
0000000000060500 | 17 05 00 03 BE 00 5A 00  00 00 00 00 00 00 01 02  | ......Z.........
0000000000060510 | 00 00 00 00 05 00 60 22  05 00 03 F0 00 6E 00 00  | ......`".....n..
0000000000060520 | 00 00 00 00 00 01 02 00  00 00 00 05 00 C0 2B 05  | ..............+.
0000000000060530 | 00 03 18 01 78 00 00 00  00 00 00 00 01 02 00 00  | ....x...........
0000000000060540 | 00 00 05 00 80 3E 05 00  03 A9 01 82 00 32 00 0F  | .....>.......2..
0000000000060550 | 00 00 00 01 03 18 08 00  15 00 04 02 00 00 00 03  | ................
0000000000060560 | 96 00 64 00 00 00 00 00  04 0F 01 02 00 00 00 00  | ..d.............
0000000000060570 | 05 00 C0 5D 05 00 03 68  01 78 00 05 00 05 00 00  | ...]...h.x......
0000000000060580 | 00 01 02 00 00 00 00 05  00 90 65 05 00 04 14 00  | ..........e.....
0000000000060590 | 5F 00 00 00 00 00 00 00  01 01 00 00 00 00 05 00  | _...............
00000000000605A0 | 2C 01 05 00 04 23 00 5A  00 00 00 00 00 00 00 01  | ,....#.Z........
00000000000605B0 | 02 00 00 00 00 05 00 20  03 05 00 04 3C 00 5A 00  | ....... ....<.Z.
00000000000605C0 | 00 00 00 00 00 00 01 01  00 00 00 00 05 00 20 03  | .............. .
00000000000605D0 | 05 00 04 5A 00 55 00 00  00 00 00 00 00 01 01 00  | ...Z.U..........
00000000000605E0 | 00 00 00 05 00 D0 07 05  00 04 78 00 55 00 00 00  | ..........x.U...
00000000000605F0 | 00 00 00 00 01 01 00 00  00 00 05 00 80 0C 05 00  | ................
0000000000060600 | 04 91 00 55 00 00 00 00  00 00 00 01 01 00 00 00  | ...U............
0000000000060610 | 00 05 00 E0 15 05 00 04  B4 00 64 00 00 00 00 00  | ..........d.....
0000000000060620 | 00 00 01 01 15 01 00 02  00 01 D4 30 00 00 04 E1  | ...........0....
0000000000060630 | 00 64 00 00 00 00 00 04  0A 01 01 00 00 00 00 05  | .d..............
0000000000060640 | 00 00 32 05 00 04 2C 01  78 00 00 00 00 00 00 00  | ..2...,.x.......
0000000000060650 | 01 02 0D C8 00 02 01 01  44 48 01 00 04 54 01 64  | ........DH...T.d
0000000000060660 | 00 00 00 00 00 00 00 01  01 00 00 00 00 05 00 F0  | ................
0000000000060670 | 55 05 00 04 86 01 6E 00  00 00 00 00 00 00 01 01  | U.....n.........
0000000000060680 | 00 00 00 00 05 00 30 75  05 00 04 AE 01 64 00 00  | ......0u.....d..
0000000000060690 | 00 14 00 04 50 01 01 00  00 00 00 05 00 02 00 05  | ....P...........
00000000000606A0 | 00 05 14 00 5F 00 00 00  00 00 00 00 02 04 00 00  | ...._...........
00000000000606B0 | 00 00 05 00 64 00 05 00  05 28 00 5A 00 00 00 00  | ....d....(.Z....
00000000000606C0 | 00 00 00 02 04 00 00 00  00 05 00 F4 01 05 00 05  | ................
00000000000606D0 | 4B 00 55 00 00 00 00 00  02 0A 02 04 00 00 00 00  | K.U.............
00000000000606E0 | 05 00 08 07 05 00 05 6E  00 50 00 00 00 00 00 00  | .......n.P......
00000000000606F0 | 00 02 05 00 00 00 00 05  00 C0 12 05 00 05 82 00  | ................
0000000000060700 | 64 00 00 00 00 00 00 00  02 04 00 00 00 00 05 00  | d...............
0000000000060710 | 20 1C 05 00 05 9B 00 78  00 00 00 00 00 04 0A 02  |  ......x........
0000000000060720 | 05 00 00 00 00 05 00 E0  2E 05 00 05 FA 00 64 00  | ..............d.
0000000000060730 | 00 00 00 00 00 00 02 05  00 00 00 00 05 00 20 4E  | .............. N
0000000000060740 | 05 00 05 A4 01 B4 00 28  00 0A 00 00 00 02 07 15  | .......(........
0000000000060750 | 07 00 06 00 01 02 00 00  00 06 08 00 55 00 00 00  | ............U...
0000000000060760 | 00 00 00 00 01 01 00 00  00 00 05 00 14 00 05 00  | ................
0000000000060770 | 06 19 00 50 00 00 00 00  00 00 00 01 01 00 00 00  | ...P............
0000000000060780 | 00 05 00 B4 00 05 00 06  3C 00 50 00 00 00 00 00  | ........<.P.....
0000000000060790 | 00 00 01 01 00 00 00 00  05 00 80 02 05 00 06 50  | ...............P
00000000000607A0 | 00 50 00 00 00 00 00 00  00 01 02 00 00 00 00 05  | .P..............
00000000000607B0 | 00 E8 03 05 00 06 78 00  5A 00 00 00 00 00 00 00  | ......x.Z.......
00000000000607C0 | 01 01 14 00 00 02 00 00  E0 15 00 00 06 96 00 5A  | ...............Z
00000000000607D0 | 00 00 00 00 00 00 00 01  01 16 00 00 03 00 00 60  | ...............`
00000000000607E0 | 22 00 00 06 B4 00 5A 00  00 00 00 00 00 00 01 01  | ".....Z.........
00000000000607F0 | 0D 2C 01 02 01 00 10 27  01 00 06 DC 00 78 00 00  | .,.....'.....x..
0000000000060800 | 00 00 00 02 1E 01 01 00  00 00 00 05 00 00 32 05  | ..............2.
0000000000060810 | 00 06 4A 01 78 00 00 00  0F 00 00 00 01 01 14 03  | ..J.x...........
0000000000060820 | 00 03 00 00 D8 59 00 00  06 90 01 96 00 3C 00 0A  | .....Y.......<..
0000000000060830 | 00 00 00 01 01 0D 58 02  03 01 02 02 00 01 00 07  | ......X.........
0000000000060840 | 14 00 64 00 00 00 00 00  00 00 01 01 00 00 00 00  | ..d.............
0000000000060850 | 05 00 C8 00 05 00 07 32  00 5A 00 00 00 00 00 00  | .......2.Z......
0000000000060860 | 00 01 01 00 00 00 00 05  00 52 03 05 00 07 50 00  | .........R....P.
0000000000060870 | 5F 00 00 00 00 00 00 00  01 01 00 00 00 00 05 00  | _...............
0000000000060880 | B0 04 05 00 07 64 00 5A  00 00 00 00 00 02 14 01  | .....d.Z........
0000000000060890 | 01 00 00 00 00 05 00 10  0E 05 00 07 AF 00 5F 00  | .............._.
00000000000608A0 | 00 00 00 00 02 14 01 01  00 00 00 00 05 00 70 17  | ..............p.
00000000000608B0 | 05 00 07 96 00 6E 00 00  00 00 00 00 00 01 01 00  | .....n..........
00000000000608C0 | 00 00 00 05 00 78 1E 05  00 07 C8 00 78 00 00 00  | .....x......x...
00000000000608D0 | 00 00 00 00 01 01 00 00  00 00 05 00 C0 2B 05 00  | .............+..
00000000000608E0 | 07 F0 00 64 00 00 00 00  00 04 14 01 01 00 00 00  | ...d............
00000000000608F0 | 00 05 00 90 33 05 00 07  18 01 6E 00 00 00 00 00  | ....3.....n.....
0000000000060900 | 00 00 01 01 00 00 00 00  05 00 5C 44 05 00 07 9A  | ..........\D....
0000000000060910 | 01 8C 00 1E 00 00 00 03  00 01 01 00 00 00 00 05  | ................
0000000000060920 | 00 02 00 05 00 08 0F 00  5A 00 00 00 00 00 00 00  | ........Z.......
0000000000060930 | 01 01 00 00 00 00 05 00  02 00 05 00 08 64 00 64  | .............d.d
0000000000060940 | 00 00 00 00 00 00 00 01  01 00 00 00 00 05 00 02  | ................
0000000000060950 | 00 05 00 08 DC 00 78 00  00 00 05 00 00 00 01 02  | ......x.........
0000000000060960 | 00 00 00 00 05 00 02 00  05 00 08 5E 01 82 00 00  | ...........^....
0000000000060970 | 00 0A 00 04 0A 01 02 00  00 00 00 05 00 02 00 05  | ................
0000000000060980 | 00 09 C8 00 C8 00 00 00  00 00 00 00 01 01 00 00  | ................
0000000000060990 | 00 00 05 00 00 00 05 00  0A C8 00 AA 00 00 00 00  | ................
00000000000609A0 | 00 00 00 02 06 00 00 00  00 05 00 00 00 05 00 0B  | ................
00000000000609B0 | FA 00 A0 00 00 00 00 00  00 00 01 02 00 00 00 00  | ................
00000000000609C0 | 05 00 00 00 05 00 0C 58  02 64 00 00 00 00 00 00  | .......X.d......
00000000000609D0 | 00 00 00 18 03 00 1F 00  04 00 00 00 00 0D 73 00  | ..............s.
00000000000609E0 | 82 00 00 00 00 00 00 00  01 01 00 00 00 00 05 00  | ................
00000000000609F0 | 00 00 05 00 0E C8 00 8C  00 00 00 00 00 00 00 01  | ................
0000000000060A00 | 01 00 00 00 00 05 00 00  00 05 00 0F 2C 01 46 00  | ............,.F.
0000000000060A10 | 00 00 00 00 00 00 01 02  00 00 00 00 05 00 00 00  | ................
0000000000060A20 | 05 00 10 DC 00 C8 00 00  00 00 00 00 00 01 03 0D  | ................
0000000000060A30 | D0 07 00 01 02 00 00 01  00 11 C8 00 AA 00 0A 00  | ................
0000000000060A40 | 00 00 00 00 01 03 18 08  00 19 00 04 00 00 00 00  | ................
0000000000060A50 | 12 E1 00 BE 00 00 00 1E  00 00 00 01 02 15 07 00  | ................
0000000000060A60 | 00 00 03 00 00 00 00 13  FA 00 B4 00 00 00 14 00  | ................
0000000000060A70 | 00 00 01 02 14 03 00 04  00 02 00 00 00 00 14 44  | ...............D
0000000000060A80 | 02 E6 00 02 00 0A 00 02  32 01 01 0E 00 00 04 00  | ........2.......
0000000000060A90 | 02 00 00 00 00 22 00 00  00 00 00 00 00 00 00 00  | ....."..........
0000000000060AA0 | 00 00 00 00 00 00 05 00  88 13 05 00 22 00 00 00  | ............"...
0000000000060AB0 | 00 00 00 00 00 00 00 00  00 00 00 00 00 05 00 88  | ................
0000000000060AC0 | 13 05 00 22 00 00 00 00  00 00 00 00 00 00 00 00  | ..."............
0000000000060AD0 | 00 00 00 00 05 00 88 13  05 00 22 00 00 00 00 00  | ..........".....
0000000000060AE0 | 00 00 00 00 00 00 00 00  00 00 00 05 00 88 13 05  | ................
0000000000060AF0 | 00 22 00 00 00 00 00 00  00 00 00 00 00 00 00 00  | ."..............
0000000000060B00 | 00 00 05 00 88 13 05 00  22 00 00 00 00 00 00 00  | ........".......
0000000000060B10 | 00 00 00 01 01 00 00 00  00 05 00 88 13 05 00 20  | ............... 
0000000000060B20 | 00 00 00 00 00 00 00 00  00 00 00 00 11 14 00 00  | ................
0000000000060B30 | 01 00 10 27 01 00 20 00  00 00 00 00 00 00 00 00  | ...'.. .........
0000000000060B40 | 00 00 00 12 14 00 00 01  00 10 27 01 00 20 00 00  | ..........'.. ..
0000000000060B50 | 00 00 00 00 00 00 00 00  00 00 13 01 00 00 01 00  | ................
0000000000060B60 | 20 4E 01 00 05 B4 00 5A  00 00 00 00 00 00 00 02  |  N.....Z........
0000000000060B70 | 04 00 00 00 00 05 00 60  22 05 00 05 D2 00 5A 00  | .......`".....Z.
0000000000060B80 | 00 00 00 00 00 00 02 05  00 00 00 00 05 00 BC 34  | ...............4
0000000000060B90 | 05 00 01 C8 00 96 00 00  00 00 00 00 00 01 02 15  | ................
0000000000060BA0 | 06 00 03 00 03 32 00 00  00 22 00 00 00 00 00 00  | .....2..."......
0000000000060BB0 | 00 00 00 00 01 01 00 00  00 00 05 00 02 00 05 00  | ................
0000000000060BC0 | 06 C8 00 64 00 00 00 00  00 00 00 01 01 17 01 00  | ...d............
0000000000060BD0 | 01 01 00 60 EA 01 00 20  00 00 00 00 00 00 00 00  | ...`... ........
0000000000060BE0 | 00 00 00 00 05 DC 05 04  01 02 E8 03 01 00 01 5E  | ...............^
0000000000060BF0 | 01 AA 00 00 00 00 00 00  00 01 03 00 00 00 00 05  | ................
0000000000060C00 | 00 02 00 05 00 05 63 01  96 00 0A 00 00 00 00 00  | ......c.........
0000000000060C10 | 02 06 00 00 00 00 05 00  00 7D 05 00 07 72 01 78  | .........}...r.x
0000000000060C20 | 00 00 00 00 00 00 00 01  01 00 00 00 00 05 00 78  | ...............x
0000000000060C30 | 69 05 00 01 5E 01 AA 00  00 00 00 00 00 00 01 03  | i...^...........
0000000000060C40 | 00 00 00 00 05 00 32 00  05 00 01 F4 01 96 00 00  | ......2.........
0000000000060C50 | 00 00 00 00 00 01 01 00  00 00 00 05 00 32 00 05  | .............2..
0000000000060C60 | 00 01 0A 00 5F 00 00 00  00 00 00 00 01 01 00 00  | ...._...........
0000000000060C70 | 00 00 05 00 32 00 05 00  01 0A 00 5F 00 00 00 00  | ....2......_....
0000000000060C80 | 00 00 00 01 01 00 00 00  00 05 00 32 00 05 00 01  | ...........2....
0000000000060C90 | 0A 00 5F 00 00 00 00 00  00 00 01 01 00 00 00 00  | .._.............
0000000000060CA0 | 05 00 32 00 05 00 01 0A  00 5F 00 00 00 00 00 00  | ..2......_......
0000000000060CB0 | 00 01 01 00 00 00 00 05  00 32 00 05 00 01 0A 00  | .........2......
0000000000060CC0 | 5F 00 00 00 00 00 00 00  01 01 00 00 00 00 05 00  | _...............
0000000000060CD0 | 32 00 05 00 01 0A 00 5F  00 00 00 00 00 00 00 01  | 2......_........
0000000000060CE0 | 01 00 00 00 00 05 00 32  00 05 00 01 0A 00 5F 00  | .......2......_.
0000000000060CF0 | 00 00 00 00 00 00 01 01  00 00 00 00 05 00 32 00  | ..............2.
0000000000060D00 | 05 00 01 0A 00 5F 00 00  00 00 00 00 00 01 01 00  | ....._..........
0000000000060D10 | 00 00 00 05 00 32 00 05  00 01 0A 00 5F 00 00 00  | .....2......_...
0000000000060D20 | 00 00 00 00 01 01 00 00  00 00 05 00 32 00 05 00  | ............2...
0000000000060D30 | 01 0A 00 5F 00 00 00 00  00 00 00 01 01 00 00 00  | ..._............
0000000000060D40 | 00 05 00 32 00 05 00 01  0A 00 5F 00 00 00 00 00  | ...2......_.....
0000000000060D50 | 00 00 01 01 00 00 00 00  05 00 32 00 05 00 01 0A  | ..........2.....
0000000000060D60 | 00 5F 00 00 00 00 00 00  00 01 01 00 00 00 00 05  | ._..............
0000000000060D70 | 00 32 00 05 00 01 0A 00  5F 00 00 00 00 00 00 00  | .2......_.......
0000000000060D80 | 01 01 00 00 00 00 05 00  32 00 05 00 01 0A 00 5F  | ........2......_
0000000000060D90 | 00 00 00 00 00 00 00 01  01 00 00 00 00 05 00 32  | ...............2
0000000000060DA0 | 00 05 00 01 0A 00 5F 00  00 00 00 00 00 00 01 01  | ......_.........
0000000000060DB0 | 00 00 00 00 05 00 32 00  05 00 15 00 00 00 00 E1  | ......2.........
0000000000060DC0 | 00 00 00 00 00 01 01 00  00 00 00 05 00 32 00 05  | .............2..
0000000000060DD0 | 00 18 00 00 00 00 C8 00  00 00 00 00 01 01 00 00  | ................
0000000000060DE0 | 00 00 05 00 32 00 05 00  01 0A 00 5F 00 00 00 00  | ....2......_....
0000000000060DF0 | 00 00 00 01 01 00 00 00  00 05 00 32 00 05 00 01  | ...........2....
0000000000060E00 | 0A 00 5F 00 00 00 00 00  00 00 01 01 00 00 00 00  | .._.............
0000000000060E10 | 05 00 46 00 05 00 15 00  00 00 00 50 00 05 00 00  | ..F........P....
0000000000060E20 | 00 00 00 00 00 00 00 05  00 32 00 05 00 15 00 00  | .........2......
0000000000060E30 | 00 00 02 00 00 00 00 00  00 00 00 00 00 00 05 00  | ................
0000000000060E40 | 32 00 05 00 15 00 00 00  00 0A 00 00 00 00 00 00  | 2...............
0000000000060E50 | 00 00 00 00 00 05 00 F4  01 05 00 15 00 00 00 00  | ................
0000000000060E60 | 50 00 0A 00 00 00 00 00  00 00 00 00 05 00 10 27  | P..............'
0000000000060E70 | 05 00 15 00 00 00 00 FA  00 0A 00 00 00 00 00 00  | ................
0000000000060E80 | 00 00 00 05 00 00 00 05  00 16 00 00 00 00 08 00  | ................
0000000000060E90 | 00 00 00 00 01 01 00 00  00 00 05 00 2C 01 05 00  | ............,...
0000000000060EA0 | 16 00 00 00 00 0F 00 00  00 00 00 01 01 00 00 00  | ................
0000000000060EB0 | 00 05 00 20 03 05 00 16  00 00 00 00 24 00 05 00  | ... ........$...
0000000000060EC0 | 00 00 01 01 00 00 00 00  05 00 80 0C 05 00 16 00  | ................
0000000000060ED0 | 00 00 00 30 00 05 00 00  00 01 01 00 00 00 00 05  | ...0............
0000000000060EE0 | 00 A0 0F 05 00 16 00 00  00 00 40 00 05 00 00 00  | ..........@.....
0000000000060EF0 | 01 01 00 00 00 00 05 00  78 1E 05 00 16 00 00 00  | ........x.......
0000000000060F00 | 00 50 00 05 00 00 00 01  01 00 00 00 00 05 00 80  | .P..............
0000000000060F10 | 25 05 00 16 00 00 00 00  60 00 05 00 00 00 01 01  | %.......`.......
0000000000060F20 | 00 00 00 00 05 00 E0 2E  05 00 16 00 00 00 00 74  | ...............t
0000000000060F30 | 00 05 00 00 00 01 01 00  00 00 00 05 00 40 38 05  | .............@8.
0000000000060F40 | 00 16 00 00 00 00 8C 00  05 00 00 00 01 01 00 00  | ................
0000000000060F50 | 00 00 05 00 20 4E 05 00  16 00 00 00 00 A6 00 05  | .... N..........
0000000000060F60 | 00 00 00 01 01 00 00 00  00 05 00 00 64 05 00 16  | ............d...
0000000000060F70 | 00 00 00 00 BE 00 00 00  00 00 01 01 00 00 00 00  | ................
0000000000060F80 | 05 00 30 75 05 00 16 00  00 00 00 D7 00 0A 00 00  | ..0u............
0000000000060F90 | 00 01 01 00 00 00 00 05  00 10 A4 05 00 17 00 00  | ................
0000000000060FA0 | 00 00 18 00 00 00 00 00  01 01 00 00 00 00 05 00  | ................
0000000000060FB0 | E8 03 05 00 17 00 00 00  00 28 00 00 00 00 00 01  | .........(......
0000000000060FC0 | 01 00 00 00 00 05 00 10  0E 05 00 17 00 00 00 00  | ................
0000000000060FD0 | 38 00 00 00 00 00 01 01  00 00 00 00 05 00 A8 16  | 8...............
0000000000060FE0 | 05 00 17 00 00 00 00 48  00 00 00 00 00 01 01 00  | .......H........
0000000000060FF0 | 00 00 00 05 00 D0 20 05  00 17 00 00 00 00 58 00  | ...... .......X.
0000000000061000 | 00 00 00 00 01 01 00 00  00 00 05 00 30 2A 05 00  | ............0*..
0000000000061010 | 17 00 00 00 00 64 00 05  00 00 00 01 01 00 00 00  | .....d..........
0000000000061020 | 00 05 00 90 33 05 00 17  00 00 00 00 78 00 00 00  | ....3.......x...
0000000000061030 | 00 00 01 01 00 00 00 00  05 00 F0 3C 05 00 17 00  | ...........<....
0000000000061040 | 00 00 00 90 00 00 00 00  00 01 01 00 00 00 00 05  | ................
0000000000061050 | 00 F0 55 05 00 17 00 00  00 00 AC 00 00 00 00 00  | ..U.............
0000000000061060 | 01 01 00 00 00 00 05 00  60 6D 05 00 17 00 00 00  | ........`m......
0000000000061070 | 00 C4 00 00 00 00 00 01  01 00 00 00 00 05 00 A0  | ................
0000000000061080 | 8C 05 00 17 00 00 00 00  E6 00 05 00 00 00 01 01  | ................
0000000000061090 | 00 00 00 00 05 00 C8 AF  05 00 17 00 00 00 00 FA  | ................
00000000000610A0 | 00 0F 00 00 00 01 01 00  00 00 00 05 00 02 00 05  | ................
00000000000610B0 | 00 18 00 00 00 00 78 00  00 00 00 00 01 01 00 00  | ......x.........
00000000000610C0 | 00 00 05 00 E0 2E 05 00  18 00 00 00 00 88 00 00  | ................
00000000000610D0 | 00 00 00 01 01 00 00 00  00 05 00 98 3A 05 00 18  | ............:...
00000000000610E0 | 00 00 00 00 A0 00 00 00  00 00 01 01 00 00 00 00  | ................
00000000000610F0 | 05 00 20 4E 05 00 18 00  00 00 00 C0 00 00 00 00  | .. N............
0000000000061100 | 00 01 01 00 00 00 00 05  00 C0 5D 05 00 18 00 00  | ..........].....
0000000000061110 | 00 00 C8 00 00 00 00 00  01 01 00 00 00 00 05 00  | ................
0000000000061120 | 30 75 05 00 18 00 00 00  00 E6 00 05 00 00 00 01  | 0u..............
0000000000061130 | 01 00 00 00 00 05 00 10  A4 05 00 18 00 00 00 00  | ................
0000000000061140 | 0E 01 05 00 00 00 01 01  00 00 00 00 05 00 50 C3  | ..............P.
0000000000061150 | 05 00 18 00 00 00 00 2C  01 14 00 00 00 01 01 00  | .......,........
0000000000061160 | 00 00 00 05 00 02 00 05  00 19 00 00 00 00 05 00  | ................
0000000000061170 | 00 00 00 00 01 01 00 00  00 00 05 00 C8 00 05 00  | ................
0000000000061180 | 19 00 00 00 00 0C 00 00  00 00 00 01 01 00 00 00  | ................
0000000000061190 | 00 05 00 EE 02 05 00 19  00 00 00 00 20 00 00 00  | ............ ...
00000000000611A0 | 00 00 01 01 00 00 00 00  05 00 08 07 05 00 19 00  | ................
00000000000611B0 | 00 00 00 3C 00 05 00 00  00 01 01 00 00 00 00 05  | ...<............
00000000000611C0 | 00 00 19 05 00 19 00 00  00 00 5C 00 0A 00 00 00  | ..........\.....
00000000000611D0 | 01 01 00 00 00 00 05 00  C0 2B 05 00 19 00 00 00  | .........+......
00000000000611E0 | 00 80 00 0A 00 00 00 01  01 00 00 00 00 05 00 10  | ................
00000000000611F0 | 40 05 00 19 00 00 00 00  96 00 0A 00 00 00 01 01  | @...............
0000000000061200 | 00 00 00 00 05 00 50 46  05 00 19 00 00 00 00 D2  | ......PF........
0000000000061210 | 00 0F 00 00 00 01 01 00  00 00 00 05 00 00 7D 05  | ..............}.
0000000000061220 | 00 1A 00 00 00 00 0F 00  05 00 00 00 01 01 00 00  | ................
0000000000061230 | 00 00 05 00 90 01 05 00  1A 00 00 00 00 23 00 00  | .............#..
0000000000061240 | 00 00 00 01 01 00 00 00  00 05 00 B0 04 05 00 1A  | ................
0000000000061250 | 00 00 00 00 41 00 00 00  00 00 01 01 00 00 00 00  | ....A...........
0000000000061260 | 05 00 E0 15 05 00 1A 00  00 00 00 64 00 00 00 00  | ...........d....
0000000000061270 | 00 01 01 00 00 00 00 05  00 F8 2A 05 00 1A 00 00  | ..........*.....
0000000000061280 | 00 00 96 00 00 00 00 00  01 01 00 00 00 00 05 00  | ................
0000000000061290 | 50 46 05 00 1A 00 00 00  00 DC 00 14 00 00 00 01  | PF..............
00000000000612A0 | 01 00 00 00 00 05 00 F8  A7 05 00 1B 00 00 00 00  | ................
00000000000612B0 | 08 00 00 00 00 00 01 01  00 00 00 00 05 00 02 00  | ................
00000000000612C0 | 05 00 1B 00 00 00 00 50  00 0A 00 00 00 01 01 00  | .......P........
00000000000612D0 | 00 00 00 05 00 02 00 05  00 1B 00 00 00 00 96 00  | ................
00000000000612E0 | 00 00 00 00 01 01 00 00  00 00 05 00 02 00 05 00  | ................
00000000000612F0 | 1B 00 00 00 00 B4 00 00  00 00 00 01 01 00 00 00  | ................
0000000000061300 | 00 05 00 02 00 05 00 1C  00 00 00 00 50 00 00 00  | ............P...
0000000000061310 | 00 00 01 01 00 00 00 00  05 00 00 00 05 00 1C 00  | ................
0000000000061320 | 00 00 00 A0 00 00 00 00  00 01 01 00 00 00 00 05  | ................
0000000000061330 | 00 00 00 05 00 1D 00 00  00 00 04 01 00 00 00 00  | ................
0000000000061340 | 01 01 00 00 00 00 05 00  00 00 05 00 1E 00 00 00  | ................
0000000000061350 | 00 C8 00 0A 00 00 00 01  01 00 00 00 00 05 00 00  | ................
0000000000061360 | 00 05 00 1F 00 00 00 00  FA 00 32 00 00 00 00 00  | ..........2.....
0000000000061370 | 00 00 00 00 05 00 00 00  05 00 15 00 00 00 00 68  | ...............h
0000000000061380 | 01 05 00 00 00 01 01 00  00 00 00 05 00 32 00 05  | .............2..
0000000000061390 | 00 1A 00 00 00 00 B9 00  05 00 00 00 00 00 00 00  | ................
00000000000613A0 | 00 00 05 00 20 4E 05 00  19 00 00 00 00 B9 00 05  | .... N..........
00000000000613B0 | 00 00 00 00 00 00 00 00  00 05 00 20 4E 05 00 19  | ........... N...
00000000000613C0 | 00 00 00 00 D2 00 1E 00  00 00 01 01 0B 5E 01 00  | .............^..
00000000000613D0 | 01 02 58 98 01 00 1B 00  00 00 00 18 01 00 00 00  | ..X.............
00000000000613E0 | 00 01 01 00 00 00 00 05  00 02 00 05 00 20 00 00  | ............. ..
00000000000613F0 | 00 00 00 00 00 00 00 00  00 00 05 28 00 01 01 00  | ...........(....
0000000000061400 | 0A 00 01 00 20 00 00 00  00 00 00 00 00 00 00 00  | .... ...........
0000000000061410 | 00 05 78 00 01 01 00 50  00 01 00 20 00 00 00 00  | ..x....P... ....
0000000000061420 | 00 00 00 00 00 00 00 00  05 2C 01 01 01 00 2C 01  | .........,....,.
0000000000061430 | 01 00 20 00 00 00 00 00  00 00 00 00 00 00 00 05  | .. .............
0000000000061440 | E7 03 01 01 00 20 03 01  00 20 00 00 00 00 00 00  | ..... ... ......
0000000000061450 | 00 00 00 00 00 00 06 00  00 01 01 00 14 00 01 00  | ................
0000000000061460 | 20 00 00 00 00 00 00 00  00 00 00 00 00 07 00 00  |  ...............
0000000000061470 | 01 01 00 14 00 01 00 20  00 00 00 00 00 00 00 00  | ....... ........
0000000000061480 | 00 00 00 00 08 0A 00 00  01 00 10 27 01 00 20 00  | ...........'.. .
0000000000061490 | 00 00 00 00 00 00 00 00  00 00 00 09 0A 00 00 01  | ................
00000000000614A0 | 00 10 27 01 00 20 00 00  00 00 00 00 00 00 00 00  | ..'.. ..........
00000000000614B0 | 00 00 0A 05 00 00 01 00  10 27 01 00 21 00 00 00  | .........'..!...
00000000000614C0 | 00 00 00 00 00 00 00 00  00 00 00 00 00 05 00 88  | ................
00000000000614D0 | 13 05 00 21 00 00 00 00  00 00 00 00 00 00 00 00  | ...!............
00000000000614E0 | 00 00 00 00 05 00 10 27  05 00 21 00 00 00 00 00  | .......'..!.....
00000000000614F0 | 00 00 00 00 00 00 00 00  00 00 00 05 00 20 4E 05  | ............. N.
0000000000061500 | 00 21 00 00 00 00 00 00  00 00 00 00 00 00 00 00  | .!..............
0000000000061510 | 00 00 05 00 40 9C 05 00  22 00 00 00 00 00 00 00  | ....@...".......
0000000000061520 | 00 00 00 00 00 00 00 00  00 05 00 F4 01 05 00 20  | ............... 
0000000000061530 | 00 00 00 00 00 00 00 00  00 00 00 00 0B 64 00 01  | .............d..
0000000000061540 | 01 00 E8 03 01 00 20 00  00 00 00 00 00 00 00 00  | ...... .........
0000000000061550 | 00 00 00 0B 2C 01 01 01  00 88 13 01 00 22 00 00  | ....,........"..
0000000000061560 | 00 00 00 00 00 00 00 00  00 00 00 00 00 00 05 00  | ................
0000000000061570 | 64 00 05 00 22 00 00 00  00 00 00 00 00 00 00 00  | d..."...........
0000000000061580 | 00 00 00 00 00 05 00 02  00 05 00 22 00 00 00 00  | ..........."....
0000000000061590 | 00 00 00 00 00 00 00 00  0C 00 00 04 01 01 02 00  | ................
00000000000615A0 | 01 00 22 00 00 00 00 00  00 00 00 00 00 00 00 0D  | ..".............
00000000000615B0 | 2C 01 04 01 01 02 00 01  00 22 00 00 00 00 00 00  | ,........"......
00000000000615C0 | 00 00 00 00 00 00 0E 00  00 04 00 01 02 00 00 00  | ................
00000000000615D0 | 22 00 00 00 00 00 00 00  00 00 00 00 00 0F 00 00  | "...............
00000000000615E0 | 04 01 01 02 00 01 00 22  00 00 00 00 00 00 00 00  | ......."........
00000000000615F0 | 00 00 00 00 10 00 00 04  01 01 02 00 01 00 09 01  | ................
0000000000061600 | 0A 00 09 01 0A 00 0B 01  0B 01 0B 01 0B 01 0C 01  | ................
0000000000061610 | 0D 01 0E 01 0E 01 10 00  0C 01 0D 01 10 00 0A 00  | ................
0000000000061620 | 0F 01 11 02 12 00 15 02  12 00 13 02 13 02 13 02  | ................
0000000000061630 | 13 02 14 01 16 01 16 01  16 01 18 01 14 01 16 01  | ................
0000000000061640 | 18 01 12 00 17 01 01 01  01 01 01 01 01 01 01 01  | ................
0000000000061650 | 01 01 01 01 01 01 01 01  01 01 01 14 01 02 02 14  | ................
0000000000061660 | 01 01 01 01 01 01 01 01  01 01 01 01 01 01 01 14  | ................
0000000000061670 | 01 02 02 14 01 01 01 01  01 01 01 01 01 01 01 01  | ................
0000000000061680 | 01 01 01 14 02 03 03 14  01 01 01 01 01 01 01 01  | ................
0000000000061690 | 01 01 01 01 01 01 01 14  01 02 02 14 01 01 01 01  | ................
00000000000616A0 | 01 01 01 01 01 01 01 01  01 01 01 14 01 02 02 14  | ................
00000000000616B0 | 01 01 01 01 01 01 01 01  01 01 01 01 01 01 01 14  | ................
00000000000616C0 | 01 02 02 14 01 01 01 01  01 01 01 01 01 01 01 01  | ................
00000000000616D0 | 01 01 01 14 01 02 02 14  01 01 01 01 01 01 01 01  | ................
00000000000616E0 | 01 01 01 01 01 01 01 14  01 02 02 14 01 01 01 01  | ................
00000000000616F0 | 01 01 01 01 01 01 01 01  01 01 01 14 01 02 02 14  | ................
0000000000061700 | 01 01 01 01 01 01 01 01  01 01 01 01 01 01 01 14  | ................
0000000000061710 | 01 02 02 14 01 01 01 01  01 01 01 01 01 01 01 01  | ................
0000000000061720 | 01 01 01 14 02 03 03 14  01 01 01 01 01 01 01 01  | ................
0000000000061730 | 01 01 01 01 01 01 01 14  01 02 02 14 01 01 01 01  | ................
0000000000061740 | 01 01 01 01 01 01 01 01  01 01 01 14 01 02 02 14  | ................
0000000000061750 | 01 01 01 01 01 01 01 01  01 01 01 01 01 01 01 14  | ................
0000000000061760 | 01 02 02 14 01 01 01 01  01 01 01 01 01 01 01 01  | ................
0000000000061770 | 01 01 01 01 01 01 01 14  01 01 01 01 01 01 01 01  | ................
0000000000061780 | 01 01 01 01 01 01 01 14  01 02 02 14 01 01 01 01  | ................
0000000000061790 | 01 01 01 01 01 01 01 01  01 01 01 14 01 02 02 14  | ................
00000000000617A0 | 01 01 01 01 01 01 01 01  01 01 01 01 01 01 01 14  | ................
00000000000617B0 | 01 02 02 14 01 01 01 01  01 01 01 01 01 01 01 01  | ................
00000000000617C0 | 01 01 01 01 01 01 01 14  01 01 01 01 01 01 01 01  | ................
00000000000617D0 | 01 01 01 01 01 01 01 14  01 02 02 14 01 01 01 01  | ................
00000000000617E0 | 01 01 01 01 01 01 01 01  01 01 01 14 01 02 02 14  | ................
00000000000617F0 | 01 01 01 01 01 01 01 01  01 01 01 01 01 01 01 14  | ................
0000000000061800 | 01 02 02 14 01 01 01 01  01 01 01 01 01 01 01 01  | ................
0000000000061810 | 01 01 01 14 01 02 02 14  01 01 01 01 01 01 01 01  | ................
0000000000061820 | 01 01 01 01 01 01 01 14  01 02 02 14 01 01 01 01  | ................
0000000000061830 | 01 01 01 01 01 01 01 01  01 01 01 14 01 02 02 14  | ................
0000000000061840 | 01 01 01 01 01 01 01 01  01 01 01 01 01 01 01 14  | ................
0000000000061850 | 01 02 02 14 01 01 01 01  01 01 01 01 01 01 01 01  | ................
0000000000061860 | 01 01 01 14 01 02 02 14  01 01 01 01 01 01 01 01  | ................
0000000000061870 | 01 01 01 01 01 01 14 14  14 14 01 14 01 01 01 01  | ................
0000000000061880 | 01 01 01 01 01 01 01 01  01 01 FF FF FF FF FF FF  | ................
0000000000061890 | 01 01 15 16 FF FF FF 01  04 15 16 17 18 FF 01 03  | ................
00000000000618A0 | 15 16 17 FF FF 01 05 15  16 FF FF FF 01 06 15 19  | ................
00000000000618B0 | FF FF FF 01 06 15 19 FF  FF FF 01 02 15 16 FF FF  | ................
00000000000618C0 | FF 01 07 15 1A 0D FF FF  01 01 09 15 16 FF FF 01  | ................
00000000000618D0 | 04 15 16 17 18 FF 01 03  0A 15 16 17 18 01 05 0C  | ................
00000000000618E0 | 15 16 FF FF 01 06 15 19  FF FF FF 01 06 15 19 FF  | ................
00000000000618F0 | FF FF 01 01 0B 15 16 FF  FF 01 07 15 1A FF FF FF  | ................
0000000000061900 | 01 01 09 15 16 17 FF 01  04 15 16 17 18 FF 01 03  | ................
0000000000061910 | 15 16 17 FF FF 01 05 15  16 17 FF FF 01 06 15 19  | ................
0000000000061920 | FF FF FF 01 06 15 19 FF  FF FF 01 01 0B 15 16 FF  | ................
0000000000061930 | FF 01 07 15 1A FF FF FF  01 08 1B FF FF FF FF 01  | ................
0000000000061940 | FF FF FF FF FF FF 01 FF  FF FF FF FF FF 01 07 15  | ................
0000000000061950 | 1A FF FF FF 01 A9 19 06  00 A9 19 06 00 A9 19 06  | ................
0000000000061960 | 00 B6 19 06 00 C3 19 06  00 D0 19 06 00 E1 19 06  | ................
0000000000061970 | 00 F2 19 06 00 E1 19 06  00 A9 19 06 00 B6 19 06  | ................
0000000000061980 | 00 D0 19 06 00 A9 19 06  00 E1 19 06 00 F2 19 06  | ................
0000000000061990 | 00 E1 19 06 00 E1 19 06  00 B6 19 06 00 A9 19 06  | ................
00000000000619A0 | 00 E1 19 06 00 E1 19 06  00 06 00 FF 01 00 02 FF  | ................
00000000000619B0 | 03 FF 04 FF 05 FF 06 06  03 07 03 08 03 09 FF 0A  | ................
00000000000619C0 | FF 0B FF 06 0C FF 0D 01  0E FF 0F FF 10 FF 11 FF  | ................
00000000000619D0 | 08 12 02 13 02 14 02 15  FF 16 FF 17 FF 18 FF 19  | ................
00000000000619E0 | FF 08 1F 05 20 05 21 05  22 FF 23 FF 24 FF 25 FF  | .... .!.".#.$.%.
00000000000619F0 | 26 FF 05 1A FF 1B 03 1C  FF 1D FF 1E FF 46 00 5A  | &............F.Z
0000000000061A00 | 05 00 02 00 96 00 5A 05  00 08 00 2C 01 5A 05 01  | ......Z....,.Z..
0000000000061A10 | 19 00 58 02 55 05 01 32  00 32 00 55 04 01 04 00  | ..X.U..2.2.U....
0000000000061A20 | 78 00 50 04 01 14 00 FA  00 50 04 02 23 00 F4 01  | x.P......P..#...
0000000000061A30 | 50 04 02 46 00 94 02 64  08 00 19 00 E7 03 46 00  | P..F...d......F.
0000000000061A40 | 02 63 00 5A 00 5F 00 05  14 00 B4 00 5A 00 07 32  | .c.Z._......Z..2
0000000000061A50 | 00 7C 01 5A 00 09 5A 00  5A 00 00 04 00 03 01 AA  | .|.Z..Z.Z.......
0000000000061A60 | 00 00 04 01 0A 01 2C 01  00 05 02 1C 01 3A 02 00  | ......,......:..
0000000000061A70 | 05 03 3C 01 00 00 00 04  02 05 01 00 00 00 04 02  | ..<.............
0000000000061A80 | 05 01 00 00 00 04 02 08  01 00 00 00 04 02 05 01  | ................
0000000000061A90 | 00 00 00 04 02 0A 01 00  00 00 04 02 0F 00 00 00  | ................
0000000000061AA0 | 00 04 00 19 03 00 00 00  05 01 21 00 00 00 00 03  | ..........!.....
0000000000061AB0 | 01 1E 01 0A 00 46 04 02  08 00 0A 00 50 04 02 14  | .....F......P...
0000000000061AC0 | 00 00 00 00 00 01 26 00  00 00 00 00 02 1E 00 00  | ......&.........
0000000000061AD0 | 00 00 14 00 27 00 00 00  00 00 02 1A 00 20 03 5A  | ....'........ .Z
0000000000061AE0 | 05 03 63 00 00 00 00 05  03 5A 01 00 00 00 05 03  | ..c......Z......
0000000000061AF0 | 24 01 00 00 00 04 02 2D  00 01 02 16 00 00 05 03  | $......-........
0000000000061B00 | 01 04 1E 01 03 19 00 00  08 02 01 07 1E 01 02 14  | ................
0000000000061B10 | 00 00 05 03 01 04 1E 03  08 19 00 00 0A 07 02 05  | ................
0000000000061B20 | 1E 02 0C 41 00 00 0C 08  04 05 1E 04 0F 24 00 00  | ...A.........$..
0000000000061B30 | 10 0C 05 07 1E 01 02 0C  00 00 05 02 01 04 1E 01  | ................
0000000000061B40 | 02 0C 00 00 05 02 01 04  1E 01 02 14 00 00 06 05  | ................
0000000000061B50 | 01 04 1E 01 02 19 00 00  0A 06 02 04 28 01 02 1E  | ............(...
0000000000061B60 | 00 00 0C 07 02 03 3C 01  02 28 00 00 12 0B 04 04  | ......<..(......
0000000000061B70 | 64 01 02 46 00 00 1C 0F  06 04 64 01 02 50 00 00  | d..F......d..P..
0000000000061B80 | 1E 14 07 04 6E 01 03 14  00 00 08 05 01 07 23 01  | ....n.........#.
0000000000061B90 | 03 19 00 00 0A 06 02 08  3C 01 0B 3C 00 07 1D 11  | ........<..<....
0000000000061BA0 | 05 08 82 01 03 41 00 00  1B 0E 05 08 6E 01 13 28  | .....A......n..(
0000000000061BB0 | 00 00 12 0B 04 09 3C 01  04 10 00 00 05 03 02 04  | ......<.........
0000000000061BC0 | 23 01 04 2D 00 00 14 0C  06 04 64 01 0C 28 00 00  | #..-......d..(..
0000000000061BD0 | 18 0F 06 05 69 01 05 0F  00 07 04 04 02 03 2D 01  | ....i.........-.
0000000000061BE0 | 05 37 00 1E 0F 0B 04 04  64 01 0D 2D 00 23 11 0D  | .7......d..-.#..
0000000000061BF0 | 04 04 96 01 06 14 00 0F  05 05 01 03 32 01 06 3C  | ............2..<
0000000000061C00 | 00 2D 13 0D 05 04 64 01  0E 32 00 28 14 0F 04 04  | .-....d..2.(....
0000000000061C10 | 96 01 07 12 00 00 07 03  01 04 16 01 07 1E 00 00  | ................
0000000000061C20 | 08 05 02 04 20 01 07 5A  00 00 26 1D 09 05 96 01  | .... ..Z..&.....
0000000000061C30 | 01 2D 00 00 18 0F 05 06  5A 01 08 37 00 00 1A 10  | .-......Z..7....
0000000000061C40 | 06 05 64 01 10 3C 00 00  1C 11 07 05 6E 08 02 16  | ..d..<......n...
0000000000061C50 | 00 00 0B 06 01 05 23 08  02 1E 00 00 0D 07 02 05  | ......#.........
0000000000061C60 | 32 0A 1A 78 00 50 18 0D  03 00 FA 0A 1A 78 00 50  | 2..x.P.......x.P
0000000000061C70 | 18 0D 03 00 FA 04 02 23  00 00 10 0C 04 06 46 04  | .......#......F.
0000000000061C80 | 05 19 00 23 0D 0A 03 06  5A 05 1A 32 00 07 1E 14  | ...#....Z..2....
0000000000061C90 | 07 05 6E 05 1A 37 00 09  21 16 07 06 78 05 1A 3C  | ..n..7..!...x..<
0000000000061CA0 | 00 0F 24 18 07 06 8C 06  19 32 00 00 15 10 03 04  | ..$......2......
0000000000061CB0 | 3C 06 19 37 00 00 17 0E  04 07 5A 06 19 6E 00 00  | <..7......Z..n..
0000000000061CC0 | 00 14 00 00 82 06 19 2D  00 00 15 0E 04 04 6E 06  | .......-......n.
0000000000061CD0 | 19 32 00 00 12 12 03 04  6E 06 19 64 00 00 17 0F  | .2......n..d....
0000000000061CE0 | 03 05 78 01 07 28 00 00  05 05 02 04 63 01 03 1E  | ..x..(......c...
0000000000061CF0 | 00 00 0B 07 01 06 63 01  0A A0 00 00 19 10 05 04  | ......c.........
0000000000061D00 | 78 01 0A 82 00 00 18 0E  04 05 FA 09 1C 32 00 00  | x............2..
0000000000061D10 | 23 1E 05 04 64 07 1A B4  00 23 18 0F 03 03 FA 07  | #...d....#......
0000000000061D20 | 1A C8 00 3C 16 11 03 03  FA 07 1A AF 00 32 19 0E  | ...<.........2..
0000000000061D30 | 03 05 FA 07 1A AA 00 2D  1B 0E 03 04 FA 09 1A 45  | .......-.......E
0000000000061D40 | 01 C8 14 0D 02 05 FF 0A  1A A0 00 50 16 0E 03 00  | ...........P....
0000000000061D50 | FA 09 1A F4 01 14 14 0D  05 05 FF 09 1A F4 01 14  | ................
0000000000061D60 | 14 0D 05 05 FF 09 1A F4  01 14 14 0D 05 05 FF 09  | ................
0000000000061D70 | 1A F4 01 14 14 0D 05 05  FF 01 16 0C 00 00 01 03  | ................
0000000000061D80 | 00 04 01 01 1B 0F 00 00  01 03 01 04 01 01 1B 0E  | ................
0000000000061D90 | 00 00 01 02 01 04 01 01  1B 21 00 00 01 02 02 04  | .........!......
0000000000061DA0 | 01 01 01 01 3B 00 00 00  04 00 00 00 00 00 84 C0  | ....;...........
0000000000061DB0 | FF FF FF 0A 00 0F 00 05  00 01 02 03 3D 00 00 00  | ............=...
0000000000061DC0 | 04 00 00 00 00 00 80 FF  FF FF FF 0A 00 0A 00 0F  | ................
0000000000061DD0 | 00 01 01 06 55 00 00 00  05 00 00 00 00 00 84 FF  | ....U...........
0000000000061DE0 | FF FF FF 19 00 23 00 0F  00 01 02 21 2A 00 00 00  | .....#.....!*...
0000000000061DF0 | 04 00 00 00 00 24 93 5D  FF FF FF 28 00 1E 00 3C  | .....$.]...(...<
0000000000061E00 | 00 01 03 01 3C 00 00 00  08 00 00 00 00 14 80 FF  | ....<...........
0000000000061E10 | FF FF FF 0A 00 14 00 05  00 01 03 14 14 00 00 00  | ................
0000000000061E20 | 07 00 00 00 00 16 87 FF  FF FF FF 1E 00 00 00 14  | ................
0000000000061E30 | 00 01 03 19 34 00 00 00  07 00 00 00 00 18 93 FF  | ....4...........
0000000000061E40 | FF FF FF 1E 00 0F 00 19  00 01 0B 07 B3 01 23 00  | ..............#.
0000000000061E50 | 08 00 00 00 00 1E 96 FF  FF FF FF A9 01 FA 00 5F  | ..............._
0000000000061E60 | 00 01 04 06 2B 00 00 00  05 00 00 00 00 2C 81 FF  | ....+........,..
0000000000061E70 | FF FF FF 0F 00 0A 00 0A  00 01 05 01 3A 00 25 00  | ............:.%.
0000000000061E80 | 04 01 20 00 00 34 A4 CE  CE FF FF 0A 00 0F 00 0F  | .. ..4..........
0000000000061E90 | 00 01 06 08 25 00 3A 00  03 00 00 00 00 00 81 FF  | ....%.:.........
0000000000061EA0 | FF FF FF 14 00 1E 00 28  00 01 06 15 3B 00 56 00  | .......(....;.V.
0000000000061EB0 | 04 00 40 40 00 36 A8 D1  FF FF FF 1E 00 14 00 1E  | ..@@.6..........
0000000000061EC0 | 00 01 08 12 0E 00 00 00  05 00 00 00 00 3E AC FF  | .............>..
0000000000061ED0 | FF FF FF 37 00 23 00 00  00 02 04 0F 08 00 00 00  | ...7.#..........
0000000000061EE0 | 04 00 00 00 00 00 81 FF  FF FF FF 14 00 0A 00 14  | ................
0000000000061EF0 | 00 02 05 17 57 00 57 00  04 32 80 00 00 37 A8 CE  | ....W.W..2...7..
0000000000061F00 | CE FF FF 05 00 05 00 1E  00 03 08 25 3D 00 00 00  | ...........%=...
0000000000061F10 | 05 00 00 00 00 3F AE FF  FF FF FF 23 00 05 00 0A  | .....?.....#....
0000000000061F20 | 00 04 0F 01 CF 01 00 00  07 00 00 00 00 43 AF FF  | .............C..
0000000000061F30 | FF FF FF AE 01 F0 00 4B  00 04 01 1E 43 00 1E 00  | .......K....C...
0000000000061F40 | 06 00 40 02 00 07 88 FF  FF FF FF 19 00 2D 00 2D  | ..@..........-.-
0000000000061F50 | 00 01 17 02 28 02 1B 00  05 00 00 00 40 08 8F FF  | ....(.......@...
0000000000061F60 | FF FF FF D1 01 FA 00 87  00 01 09 01 34 02 2E 00  | ............4...
0000000000061F70 | 05 00 00 00 00 00 81 FF  FF FF FF D1 01 E6 00 87  | ................
0000000000061F80 | 00 01 13 0F 75 01 00 00  09 00 00 00 00 00 81 FF  | ....u...........
0000000000061F90 | FF FF FF 72 01 96 00 4B  00 01 16 08 37 01 08 01  | ...r...K....7...
0000000000061FA0 | 04 00 C1 7D 00 39 A9 FF  FF FF FF C3 00 AF 00 6E  | ...}.9.........n
0000000000061FB0 | 00 01 18 01 F4 01 00 00  05 00 00 00 00 43 AF FF  | .............C..
0000000000061FC0 | FF FF FF 08 02 09 01 5A  00 02 14 0C 74 01 00 00  | .......Z....t...
0000000000061FD0 | 05 00 00 00 00 00 81 FF  FF FF FF B3 01 C8 00 32  | ...............2
0000000000061FE0 | 00 02 0E 0C 07 01 D9 00  04 00 00 00 00 00 81 FF  | ................
0000000000061FF0 | FF FF FF C8 00 B4 00 32  00 03 17 19 A7 01 A1 00  | .......2........
0000000000062000 | 07 00 00 00 00 00 81 FF  FF FF FF 90 01 87 00 5A  | ...............Z
0000000000062010 | 00 04 0F 05 CA 01 23 00  08 00 00 00 00 00 81 FF  | ......#.........
0000000000062020 | FF FF FF C2 01 DC 00 64  00 04 0F 1E 86 01 00 00  | .......d........
0000000000062030 | 07 00 00 00 00 11 8B FF  FF FF FF 63 01 D2 00 55  | ...........c...U
0000000000062040 | 00 05 1C 0D 6A 01 34 00  05 00 40 02 04 41 B0 FF  | ....j.4...@..A..
0000000000062050 | FF FF FF 86 01 BE 00 69  00 05 0D 20 4F 01 74 00  | .......i... O.t.
0000000000062060 | 06 00 1C 02 0C 3B AA FF  FF FF FF FA 00 BE 00 46  | .....;.........F
0000000000062070 | 00 06 19 01 41 00 00 00  04 00 00 00 00 48 B2 FF  | ....A........H..
0000000000062080 | FF FF FF 0A 00 0A 00 0A  00 06 19 50 38 00 00 00  | ...........P8...
0000000000062090 | 04 00 00 00 00 4B BF FF  FF FF FF 14 00 46 00 1E  | .....K.......F..
00000000000620A0 | 00 08 08 05 05 02 02 09  09 00 00 FF 0B 0B 06 06  | ................
00000000000620B0 | 02 02 0B 0B 00 00 FF 09  09 06 06 02 02 0A 0A 00  | ................
00000000000620C0 | 00 FF 0A 0A 06 06 01 01  0C 0C 00 00 FF 0B 0B 05  | ................
00000000000620D0 | 05 02 02 0A 0A 00 00 FF  09 09 07 07 02 02 0A 0A  | ................
00000000000620E0 | 00 00 FF 0A 0A 06 06 02  02 0C 0C 00 00 FF 0F 0F  | ................
00000000000620F0 | 0B 0B 03 03 0F 0F 05 05  05 09 09 05 05 02 02 08  | ................
0000000000062100 | 08 00 00 FF 06 06 05 05  02 02 08 08 07 07 00 05  | ................
0000000000062110 | 05 05 05 01 01 07 07 08  08 01 06 06 05 05 01 01  | ................
0000000000062120 | 09 09 06 06 02 09 09 05  05 03 03 09 09 00 00 FF  | ................
0000000000062130 | 08 08 05 05 02 02 08 08  00 00 FF 05 05 05 05 01  | ................
0000000000062140 | 01 07 07 07 07 03 0A 0A  06 06 02 02 0B 0B 00 00  | ................
0000000000062150 | FF 0C 0C 09 09 03 03 0D  0D 00 00 FF 0A 0A 05 05  | ................
0000000000062160 | 02 02 0C 0C 00 00 FF 0D  0D 09 09 03 03 0C 0C 07  | ................
0000000000062170 | 07 FF 0E 0E 0B 0B 02 02  0E 0E 06 06 FF 0C 0C 0A  | ................
0000000000062180 | 0A 04 04 0D 0D 00 00 FF  0A 0A 07 07 02 02 0B 0B  | ................
0000000000062190 | 0E 0E FF 0F 0F 0B 0B 03  03 0F 0F 00 00 FF 0E 0E  | ................
00000000000621A0 | 08 08 05 05 0C 0C 00 00  FF 09 09 07 07 03 03 0D  | ................
00000000000621B0 | 0D 11 11 FF 0D 0D 0A 0A  04 04 0D 0D 0B 0B FF 10  | ................
00000000000621C0 | 10 0B 0B 03 03 12 12 05  05 FF 0E 0E 0A 0A 03 03  | ................
00000000000621D0 | 0F 0F 00 00 FF 0D 0D 0B  0B 02 02 11 11 07 07 11  | ................
00000000000621E0 | 0B 0B 08 08 03 03 0F 0F  10 10 08 0E 0E 0B 0B 02  | ................
00000000000621F0 | 02 0F 0F 00 00 FF 0D 0D  0A 0A 02 02 10 10 00 00  | ................
0000000000062200 | FF 0C 0C 09 09 04 04 0D  0D 08 08 04 10 10 0B 0B  | ................
0000000000062210 | 02 02 11 11 00 00 FF 0C  0C 08 08 03 03 0D 0D 07  | ................
0000000000062220 | 07 06 0F 0F 0C 0C 02 02  12 12 00 00 FF 0C 0C 09  | ................
0000000000062230 | 09 02 02 0D 0D 00 00 FF  0C 0C 0A 0A 02 02 0C 0C  | ................
0000000000062240 | 00 00 FF 0C 0C 09 09 02  02 0D 0D 00 00 FF 08 0C  | ................
0000000000062250 | 03 06 02 04 0A 0F 00 00  FF 0C 0C 08 08 02 02 0C  | ................
0000000000062260 | 0C 00 00 FF 0A 0A 07 07  02 02 0C 0C 14 14 07 09  | ................
0000000000062270 | 09 06 06 02 02 0C 0C 0F  0F 09 09 09 07 07 03 03  | ................
0000000000062280 | 0C 0C 0C 0C 12 0C 0C 08  08 03 03 0C 0C 00 00 FF  | ................
0000000000062290 | 0A 0A 07 07 02 02 0B 0B  00 00 FF 0A 0A 06 06 03  | ................
00000000000622A0 | 03 0B 0B 11 11 08 0D 0D  09 09 02 02 0D 0D 00 00  | ................
00000000000622B0 | FF 0A 0C 06 08 02 03 0F  14 00 00 FF 0C 0C 09 09  | ................
00000000000622C0 | 02 02 0C 0C 03 03 FF 0E  0E 09 09 03 03 0F 0F 0A  | ................
00000000000622D0 | 0A 0A 10 10 0C 0C 02 02  10 10 08 08 0F 0A 0A 07  | ................
00000000000622E0 | 07 03 03 0D 0D 16 16 13  0F 0F 0D 0D 02 02 11 11  | ................
00000000000622F0 | 09 09 10 0D 0D 09 09 03  03 0D 0D 00 00 FF 0C 0C  | ................
0000000000062300 | 0A 0A 03 03 0C 0C 00 00  FF 0C 0C 09 09 02 02 0C  | ................
0000000000062310 | 0C 00 00 FF 08 0C 03 05  02 04 0A 0C 00 00 FF 0C  | ................
0000000000062320 | 0C 08 08 03 03 0C 0C 00  00 FF 09 09 08 08 03 03  | ................
0000000000062330 | 0C 0C 10 10 0E 09 09 06  06 03 03 0D 0D 0F 0F 0B  | ................
0000000000062340 | 09 09 08 08 04 04 0D 0D  0C 0C 0C 0D 0D 08 08 04  | ................
0000000000062350 | 04 0C 0C 00 00 FF 0A 0A  07 07 02 02 0B 0B 00 00  | ................
0000000000062360 | FF 09 09 07 07 02 02 0B  0B 0E 0E 0D 0E 0E 09 09  | ................
0000000000062370 | 02 02 0E 0E 00 00 FF 0A  0C 0A 0C 02 02 0C 12 00  | ................
0000000000062380 | 00 FF 08 0C 08 0A 03 03  0A 0F 00 00 FF 00 00 54  | ...............T
0000000000062390 | 80 81 84 A5 FF FF FF FF  FF FF FF FF C0 FF FF FF  | ................
00000000000623A0 | FF FF FF FF 01 16 35 C0  C1 84 CE FF 02 01 5F 00  | ......5......._.
00000000000623B0 | 01 20 84 A5 FF FF FF FF  FF FF FF C0 FF FF FF FF  | . ..............
00000000000623C0 | FF FF FF C1 CE FF FF FF  FF FF FF 00 02 6A 01 21  | .............j.!
00000000000623D0 | 2D 35 81 84 85 A5 FF FF  FF FF C0 C1 FF FF FF FF  | -5..............
00000000000623E0 | FF FF 60 CE FF FF FF FF  FF FF 00 03 57 01 02 14  | ..`.........W...
00000000000623F0 | 15 85 90 FF FF FF FF FF  FF C0 C1 C4 FF FF FF FF  | ................
0000000000062400 | FF C6 C7 C8 5E FF FF FF  FF 02 04 62 01 02 14 15  | ....^......b....
0000000000062410 | 21 2C 2D 91 86 A6 FF FF  C0 C1 C4 FF FF FF FF FF  | !,-.............
0000000000062420 | C2 CE FF FF FF FF FF FF  02 00 6D 01 02 15 16 21  | ..........m....!
0000000000062430 | 22 2D 35 36 85 86 91 C0  C1 FF FF FF FF FF FF 58  | "-56...........X
0000000000062440 | 5B 5D CD FF FF FF FF 00  01 5A 02 03 15 16 2D 22  | [].......Z....-"
0000000000062450 | 36 86 91 A6 FF FF C0 C1  FF FF FF FF FF FF 04 17  | 6...............
0000000000062460 | C2 CE FF FF FF FF 00 02  65 03 16 23 2E 3F 87 92  | ........e..#.?..
0000000000062470 | AD FF FF FF FF C0 C1 FF  FF FF FF FF FF C2 CE FF  | ................
0000000000062480 | FF FF FF FF FF 02 03 70  03 23 2E 36 3F 87 92 A7  | .......p.#.6?...
0000000000062490 | FF FF FF FF C0 C1 C4 FF  FF FF FF FF 5E 5F FF FF  | ............^_..
00000000000624A0 | FF FF FF FF 02 04 5D 03  04 17 18 40 88 93 AD FF  | ......]....@....
00000000000624B0 | FF FF FF C0 C1 FF FF FF  FF FF FF C2 CE FF FF FF  | ................
00000000000624C0 | FF FF FF 01 00 5E 04 18  24 37 40 88 93 AD FF FF  | .....^..$7@.....
00000000000624D0 | FF FF C0 C1 FF FF FF FF  FF FF C2 CE FF FF FF FF  | ................
00000000000624E0 | FF FF 01 01 69 05 18 24  2F 88 93 A8 AD FF FF FF  | ....i..$/.......
00000000000624F0 | FF C1 C2 C4 C5 FF FF FF  FF 07 1E FF FF FF FF FF  | ................
0000000000062500 | FF 01 02 56 05 19 24 2F  89 94 A8 AE FF FF FF FF  | ...V..$/........
0000000000062510 | C1 C2 C4 C5 FF FF FF FF  C2 CE FF FF FF FF FF FF  | ................
0000000000062520 | 01 03 61 06 19 25 30 89  94 A8 AE FF FF FF FF C1  | ..a..%0.........
0000000000062530 | C2 C4 C5 FF FF FF FF C3  CF FF FF FF FF FF FF 01  | ................
0000000000062540 | 04 6C 06 19 25 30 89 94  A9 FF FF FF FF FF C1 C2  | .l..%0..........
0000000000062550 | C4 C5 FF FF FF FF 5E 5F  C6 C7 FF FF FF FF 01 00  | ......^_........
0000000000062560 | 58 10 19 25 31 38 41 8A  95 A9 9C FF FF C1 C2 C4  | X..%18A.........
0000000000062570 | C5 FF FF FF FF C3 CF 61  FF FF FF FF FF 01 01 64  | .......a.......d
0000000000062580 | 12 1A 26 31 38 41 8A 95  A9 9C AF FF C1 C2 C4 C5  | ..&18A..........
0000000000062590 | FF FF FF FF 3A CF FF FF  FF FF FF FF 02 02 6F 12  | ....:.........o.
00000000000625A0 | 1A 26 61 38 43 8B 96 A9  9D AF FF C1 C2 C4 C5 FF  | .&a8C...........
00000000000625B0 | FF FF FF C3 CF FF FF FF  FF FF FF 01 03 5C 12 1A  | .............\..
00000000000625C0 | 26 61 39 43 8B 96 AA 9D  B0 FF C1 C2 C3 C4 C5 FF  | &a9C............
00000000000625D0 | FF FF C3 CF FF FF FF FF  FF FF 01 04 67 13 1A 27  | ............g..'
00000000000625E0 | 61 39 44 8C 97 AA 9E B0  FF C1 C2 C3 C4 C5 FF FF  | a9D.............
00000000000625F0 | FF 32 45 FF FF FF FF FF  FF 01 00 68 13 1B 27 62  | .2E........h..'b
0000000000062600 | 39 44 8C 97 BD 9E BC FF  C1 C2 C3 C4 C5 FF FF FF  | 9D..............
0000000000062610 | C3 CF 5E C8 FF FF FF FF  00 00 00 00 00 00 00 00  | ..^.............
0000000000062620 | 00 00 00 00 00 00 00 00  00 00 00 00 00 00 00 00  | ................
0000000000062630 | 00 00 00 00 00 00 00 00  00 00 00 00 00 00 00 00  | ................
0000000000062640 | 00 00 00 00 00 00 00 00  00 00 00 00 00 00 00 00  | ................
0000000000062650 | 00 00 00 00 00 00 00 00  00 00 00 00 00 00 00 00  | ................
0000000000062660 | 00 00 00 00 00 00 00 00  00 00 00 00 00 00 00 00  | ................
0000000000062670 | 00 00 00 00 00 00 04 58  09 1C 29 32 3C 46 8E 99  | .......X..)2<F..
0000000000062680 | A1 AB B1 FF C2 C3 C4 C5  FF FF FF FF C3 CF 28 FF  | ..............(.
0000000000062690 | FF FF FF FF 00 00 63 0A  1F 2A 68 3C 69 8F 9A A2  | ......c..*h<i...
00000000000626A0 | AB B1 FF C3 CF FF FF FF  FF FF FF C3 CF FF FF FF  | ................
00000000000626B0 | FF FF FF 05 11 09 01 14  02 18 1B FF FF FF FF 0A  | ................
00000000000626C0 | 0E 0C 14 0E 12 14 16 19  17 FF FF 16 13 18 1A 1C  | ................
00000000000626D0 | 19 FF FF FF FF FF FF 19  0A 1E 06 23 0B FF FF FF  | ...........#....
00000000000626E0 | FF FF FF 04 18 FF FF FF  FF FF FF FF FF FF FF 09  | ................
00000000000626F0 | 08 1B 10 FF FF FF FF FF  FF FF FF 04 1D FF FF FF  | ................
0000000000062700 | FF FF FF FF FF FF FF 03  0A 07 03 0D 13 16 0B 1A  | ................
0000000000062710 | 07 FF FF 02 02 08 03 10  07 18 0C 23 09 FF FF 03  | ...........#....
0000000000062720 | 0F 09 15 12 13 17 10 FF  FF FF FF 04 18 08 0F 0C  | ................
0000000000062730 | 22 14 08 18 17 1C 07 03  0F 08 08 0D 13 12 15 18  | "...............
0000000000062740 | 10 FF FF 03 0F 08 08 0D  1B 12 15 19 10 FF FF 04  | ................
0000000000062750 | 15 0A 08 0F 16 14 14 18  07 FF FF 03 0F 09 08 10  | ................
0000000000062760 | 15 15 12 19 03 FF FF 04  12 09 0F 10 14 FF FF FF  | ................
0000000000062770 | FF FF FF 03 13 08 0F 0F  15 FF FF FF FF FF FF 0F  | ................
0000000000062780 | 0B 14 12 19 0C FF FF FF  FF FF FF 04 0F 0A 16 12  | ................
0000000000062790 | 10 18 12 FF FF FF FF 02  22 06 23 0A 17 0E 03 13  | ........".#.....
00000000000627A0 | 21 19 20 00 00 00 00 00  00 00 00 00 00 00 00 00  | !. .............
00000000000627B0 | 00 00 00 00 00 00 00 00  00 00 40 01 00 00 00 00  | ..........@.....
00000000000627C0 | 00 00 00 00 00 00 00 00  02 03 03 04 04 04 03 03  | ................
00000000000627D0 | 02 01 01 00 00 00 01 01  80 29 06 00 9B 29 06 00  | .........)...)..
00000000000627E0 | A6 29 06 00 D1 29 06 00  F0 29 06 00 01 2A 06 00  | .)...)...)...*..
00000000000627F0 | 06 2A 06 00 1B 2A 06 00  30 2A 06 00 3D 2A 06 00  | .*...*..0*..=*..
0000000000062800 | 6E 2A 06 00 87 2A 06 00  AA 2A 06 00 D1 2A 06 00  | n*...*...*...*..
0000000000062810 | FE 2A 06 00 03 2B 06 00  10 2B 06 00 29 2B 06 00  | .*...+...+..)+..
0000000000062820 | 3E 2B 06 00 4D 2B 06 00  68 2B 06 00 95 2B 06 00  | >+..M+..h+...+..
0000000000062830 | B4 2B 06 00 BD 2B 06 00  D0 2B 06 00 DB 2B 06 00  | .+...+...+...+..
0000000000062840 | E0 2B 06 00 E5 2B 06 00  EA 2B 06 00 AB 2C 06 00  | .+...+...+...,..
0000000000062850 | D2 2C 06 00 29 2D 06 00  40 2D 06 00 45 2D 06 00  | .,..)-..@-..E-..
0000000000062860 | 5C 2D 06 00 71 2D 06 00  76 2D 06 00 7B 2D 06 00  | \-..q-..v-..{-..
0000000000062870 | 80 2D 06 00 91 2D 06 00  9A 2D 06 00 E1 2D 06 00  | .-...-...-...-..
0000000000062880 | 6A 2E 06 00 85 2E 06 00  98 2E 06 00 AB 2E 06 00  | j...............
0000000000062890 | B4 2E 06 00 E9 2E 06 00  EE 2E 06 00 07 2F 06 00  | ............./..
00000000000628A0 | 0C 2F 06 00 15 2F 06 00  1E 2F 06 00 27 2F 06 00  | ./.../.../..'/..
00000000000628B0 | 4A 2F 06 00 6F 2F 06 00  76 2F 06 00 83 2F 06 00  | J/..o/..v/.../..
00000000000628C0 | 88 2F 06 00 8D 2F 06 00  E8 2F 06 00 ED 2F 06 00  | ./.../.../.../..
00000000000628D0 | F2 2F 06 00 F7 2F 06 00  08 30 06 00 1D 30 06 00  | ./.../...0...0..
00000000000628E0 | 26 30 06 00 EF 30 06 00  32 31 06 00 41 31 06 00  | &0...0..21..A1..
00000000000628F0 | 4A 31 06 00 51 31 06 00  56 31 06 00 5B 31 06 00  | J1..Q1..V1..[1..
0000000000062900 | 60 31 06 00 73 31 06 00  78 31 06 00 E3 31 06 00  | `1..s1..x1...1..
0000000000062910 | E8 31 06 00 F5 31 06 00  FA 31 06 00 09 32 06 00  | .1...1...1...2..
0000000000062920 | 0E 32 06 00 13 32 06 00  1C 32 06 00 25 32 06 00  | .2...2...2..%2..
0000000000062930 | 9E 32 06 00 27 33 06 00  52 33 06 00 5B 33 06 00  | .2..'3..R3..[3..
0000000000062940 | A0 33 06 00 BD 33 06 00  CE 33 06 00 D3 33 06 00  | .3...3...3...3..
0000000000062950 | 08 34 06 00 15 34 06 00  22 34 06 00 2F 34 06 00  | .4...4.."4../4..
0000000000062960 | 3E 34 06 00 93 34 06 00  98 34 06 00 9D 34 06 00  | >4...4...4...4..
0000000000062970 | A2 34 06 00 AF 34 06 00  B4 34 06 00 B9 34 06 00  | .4...4...4...4..
0000000000062980 | 05 06 04 00 02 01 02 02  02 03 02 88 01 00 01 88  | ................
0000000000062990 | 01 00 03 88 01 00 01 84  01 00 00 01 01 04 04 00  | ................
00000000000629A0 | 05 00 06 00 07 00 04 01  04 08 02 09 02 0A 01 0B  | ................
00000000000629B0 | 03 02 04 08 03 09 02 0A  02 0B 02 02 04 08 02 09  | ................
00000000000629C0 | 03 0A 02 0B 02 84 05 09  02 00 00 01 00 02 00 03  | ................
00000000000629D0 | 00 03 02 04 0E 01 0F 02  10 02 11 02 02 04 0E 01  | ................
00000000000629E0 | 0F 01 10 01 11 01 02 04  0E 02 0F 01 10 02 11 01  | ................
00000000000629F0 | 02 01 05 12 02 13 02 14  03 15 02 16 03 01 01 12  | ................
0000000000062A00 | 03 01 04 01 09 00 02 05  04 17 01 18 01 19 01 1A  | ................
0000000000062A10 | 01 01 04 17 00 18 01 19  02 1A 03 05 02 01 0C 00  | ................
0000000000062A20 | 86 01 0C 01 86 01 0C 03  8A 01 0C 01 80 01 0C 01  | ................
0000000000062A30 | 03 01 01 0D 00 88 01 0D  03 88 01 0D 01 06 02 05  | ................
0000000000062A40 | 00 01 01 01 02 01 03 01  04 01 01 03 00 01 01 00  | ................
0000000000062A50 | 02 02 01 04 00 01 01 01  02 01 03 02 01 03 00 01  | ................
0000000000062A60 | 02 02 03 01 01 02 00 02  02 01 88 01 00 01 06 01  | ................
0000000000062A70 | 01 00 01 88 01 00 02 88  01 00 01 88 01 00 00 88  | ................
0000000000062A80 | 01 00 01 88 01 00 03 07  01 02 05 00 06 00 01 01  | ................
0000000000062A90 | 05 00 88 01 05 01 88 01  05 00 88 01 05 01 88 02  | ................
0000000000062AA0 | 05 03 00 01 80 02 05 03  00 01 03 01 06 0B 02 0C  | ................
0000000000062AB0 | 02 0D 02 0E 02 0F 02 10  02 01 05 0B 02 0C 01 0D  | ................
0000000000062AC0 | 01 0E 03 0F 03 01 05 0B  02 0C 01 0D 02 0E 03 0F  | ................
0000000000062AD0 | 02 04 01 06 15 00 16 00  17 00 18 00 19 00 1A 00  | ................
0000000000062AE0 | 01 05 15 00 16 01 17 01  18 03 19 03 01 05 15 00  | ................
0000000000062AF0 | 16 01 17 00 18 03 19 00  84 02 16 00 18 00 01 02  | ................
0000000000062B00 | 01 1B 00 01 80 05 00 00  01 00 02 00 03 00 04 00  | ................
0000000000062B10 | 06 03 01 1B 01 02 01 1B  02 01 01 1B 01 01 01 1B  | ................
0000000000062B20 | 02 03 01 1B 01 03 01 1B  02 05 06 01 06 00 8F 01  | ................
0000000000062B30 | 06 00 8F 01 06 01 8F 01  06 03 8F 01 06 00 01 88  | ................
0000000000062B40 | 06 00 02 01 02 02 02 03  02 04 02 05 02 03 05 08  | ................
0000000000062B50 | 07 00 08 00 09 00 0A 00  0B 00 0C 00 0D 00 0E 00  | ................
0000000000062B60 | 80 01 06 00 8F 01 06 02  04 01 07 00 02 01 02 02  | ................
0000000000062B70 | 02 03 02 04 02 05 02 06  02 01 06 00 02 01 02 02  | ................
0000000000062B80 | 01 03 01 04 03 05 03 01  03 00 02 02 02 04 02 81  | ................
0000000000062B90 | 02 03 02 05 02 03 01 07  00 02 01 02 02 02 03 02  | ................
0000000000062BA0 | 04 02 05 02 06 02 01 04  00 02 01 02 02 02 03 02  | ................
0000000000062BB0 | 01 01 00 02 02 01 01 29  00 02 01 29 03 02 01 05  | .......)...)....
0000000000062BC0 | 2B 00 2C 01 2D 01 2E 03  2F 03 01 02 2C 00 2E 00  | +.,.-.../...,...
0000000000062BD0 | 01 80 05 30 00 31 00 32  00 33 00 01 05 01 21 02  | ...0.1.2.3....!.
0000000000062BE0 | 01 05 01 21 00 01 03 01  22 02 0F 07 08 11 00 12  | ...!....".......
0000000000062BF0 | 00 13 00 14 00 15 00 16  00 17 00 18 00 01 07 12  | ................
0000000000062C00 | 01 13 03 14 03 15 00 16  00 17 00 18 00 01 07 12  | ................
0000000000062C10 | 01 13 03 14 03 15 01 16  03 17 03 18 03 02 03 14  | ................
0000000000062C20 | 03 17 03 18 03 02 01 18  03 81 07 12 00 13 00 14  | ................
0000000000062C30 | 00 15 00 16 00 17 00 18  00 04 08 09 00 0A 00 0B  | ................
0000000000062C40 | 00 0C 00 0D 00 0E 00 0F  00 10 00 01 07 0A 00 0B  | ................
0000000000062C50 | 00 0C 00 0D 00 0E 00 0F  00 10 00 01 07 0A 01 0B  | ................
0000000000062C60 | 01 0C 03 0D 03 0E 00 0F  00 10 00 02 04 0B 01 0D  | ................
0000000000062C70 | 03 0F 01 10 03 81 06 0A  00 0B 00 0C 00 0D 00 0F  | ................
0000000000062C80 | 00 10 00 02 04 19 00 1A  00 1B 00 1C 00 01 04 19  | ................
0000000000062C90 | 01 1A 03 1B 00 1C 00 02  04 19 01 1A 03 1B 01 1C  | ................
0000000000062CA0 | 03 81 04 19 00 1A 00 1B  00 1C 00 04 02 05 1D 00  | ................
0000000000062CB0 | 1E 00 1F 00 20 00 21 00  01 04 1D 01 1E 01 1F 03  | .... .!.........
0000000000062CC0 | 20 03 01 04 1D 00 1E 02  1F 00 20 02 81 02 1E 00  |  ......... .....
0000000000062CD0 | 20 00 08 02 01 2B 01 01  02 2B 01 23 01 01 04 2B  |  ....+...+.#...+
0000000000062CE0 | 01 23 01 24 01 25 01 01  07 2B 01 22 01 23 01 24  | .#.$.%...+.".#.$
0000000000062CF0 | 01 25 01 26 01 27 01 01  09 2B 01 22 01 23 01 24  | .%.&.'...+.".#.$
0000000000062D00 | 01 25 01 26 01 27 01 28  01 29 01 01 0A 2B 01 22  | .%.&.'.(.)...+."
0000000000062D10 | 01 23 01 24 01 25 01 26  01 27 01 28 01 29 01 2A  | .#.$.%.&.'.(.).*
0000000000062D20 | 01 88 01 2B 01 88 01 2B  03 01 05 0A 00 02 01 02  | ...+...+........
0000000000062D30 | 02 02 03 02 04 02 05 02  06 02 07 02 08 02 09 02  | ................
0000000000062D40 | 01 04 01 1C 00 04 01 02  05 02 1C 01 01 01 05 02  | ................
0000000000062D50 | 01 02 05 02 1C 03 05 02  05 02 1C 02 01 07 09 00  | ................
0000000000062D60 | 02 01 02 02 02 03 02 04  02 06 02 07 02 08 02 09  | ................
0000000000062D70 | 02 01 03 01 05 02 01 05  01 2F 00 01 01 01 05 02  | ........./......
0000000000062D80 | 04 03 01 26 00 01 01 26  01 03 01 26 00 84 01 26  | ...&...&...&...&
0000000000062D90 | 00 02 88 01 08 02 80 01  08 02 08 04 01 0E 00 86  | ................
0000000000062DA0 | 01 0E 01 86 01 0E 03 84  01 0E 02 80 01 0E 02 02  | ................
0000000000062DB0 | 0A 0F 00 10 00 11 00 12  00 13 00 14 00 15 00 16  | ................
0000000000062DC0 | 00 17 00 18 00 01 0B 0E  00 0F 00 10 00 11 00 12  | ................
0000000000062DD0 | 00 13 00 14 00 15 00 16  00 17 00 18 00 8A 01 0E  | ................
0000000000062DE0 | 00 09 01 02 0D 02 00 02  01 06 0D 02 0C 02 0B 02  | ................
0000000000062DF0 | 0A 02 09 02 00 02 01 09  0D 02 0C 02 0B 02 0A 02  | ................
0000000000062E00 | 09 02 08 02 07 02 06 02  00 02 01 0C 0D 02 0C 02  | ................
0000000000062E10 | 0B 02 0A 02 09 02 08 02  07 02 06 02 05 02 04 02  | ................
0000000000062E20 | 03 02 00 02 01 0E 0D 02  0C 02 0B 02 0A 02 09 02  | ................
0000000000062E30 | 08 02 07 02 06 02 05 02  04 02 03 02 02 02 01 02  | ................
0000000000062E40 | 00 02 01 04 09 02 08 01  07 03 06 03 02 06 0B 03  | ................
0000000000062E50 | 0A 03 09 03 06 03 05 01  04 03 01 05 0D 03 09 03  | ................
0000000000062E60 | 00 01 01 01 02 03 02 01  0A 03 02 01 07 19 01 1A  | ................
0000000000062E70 | 01 1B 03 1C 03 1E 00 1F  00 20 00 01 04 19 01 1B  | ......... ......
0000000000062E80 | 00 1E 01 1F 00 02 01 05  21 01 22 01 23 03 24 03  | ........!.".#.$.
0000000000062E90 | 25 00 01 02 21 00 24 00  02 01 05 27 01 2C 01 29  | %...!.$....'.,.)
0000000000062EA0 | 03 2A 03 2B 00 01 02 27  00 29 00 02 80 01 08 02  | .*.+...'.)......
0000000000062EB0 | 86 01 08 02 03 01 0B 3D  00 3E 01 3F 02 40 02 41  | .......=.>.?.@.A
0000000000062EC0 | 01 42 01 43 01 44 01 45  00 46 00 47 00 01 08 3E  | .B.C.D.E.F.G...>
0000000000062ED0 | 01 3F 01 42 01 43 01 44  01 45 00 46 01 47 01 01  | .?.B.C.D.E.F.G..
0000000000062EE0 | 04 3E 00 42 01 44 02 46  00 01 04 01 43 02 06 86  | .>.B.D.F....C...
0000000000062EF0 | 01 40 03 86 01 40 01 86  01 40 02 86 01 40 01 86  | .@...@...@...@..
0000000000062F00 | 01 40 00 80 01 40 00 01  05 01 41 00 02 05 01 34  | .@...@....A....4
0000000000062F10 | 00 8F 01 34 00 02 05 01  3D 00 84 01 3D 00 02 05  | ...4....=...=...
0000000000062F20 | 01 3C 00 84 01 3C 00 01  85 10 00 02 01 02 02 02  | .<...<..........
0000000000062F30 | 03 02 04 02 05 02 06 02  07 02 08 02 09 02 0A 02  | ................
0000000000062F40 | 0B 02 0C 02 0D 02 0E 02  0F 02 06 88 02 10 02 11  | ................
0000000000062F50 | 02 88 02 10 00 11 00 88  02 10 02 11 02 88 02 10  | ................
0000000000062F60 | 03 11 03 88 02 10 01 11  01 80 02 10 01 11 01 01  | ................
0000000000062F70 | 8F 02 10 03 11 03 03 01  01 01 03 01 01 01 02 84  | ................
0000000000062F80 | 01 01 03 01 88 01 10 03  01 88 01 10 01 08 01 05  | ................
0000000000062F90 | 35 01 36 00 37 00 38 00  39 00 01 05 35 01 36 01  | 5.6.7.8.9...5.6.
0000000000062FA0 | 37 00 38 00 39 00 01 05  35 01 36 01 37 01 38 00  | 7.8.9...5.6.7.8.
0000000000062FB0 | 39 00 01 04 36 01 37 01  38 01 39 00 01 06 37 01  | 9...6.7.8.9...7.
0000000000062FC0 | 38 01 39 01 3A 00 3B 00  3C 00 01 05 38 01 39 01  | 8.9.:.;.<...8.9.
0000000000062FD0 | 3A 01 3B 00 3C 00 01 04  39 01 3A 01 3B 01 3C 00  | :.;.<...9.:.;.<.
0000000000062FE0 | 04 03 3A 01 3B 01 3C 01  01 05 01 53 03 01 01 01  | ..:.;.<....S....
0000000000062FF0 | 01 01 01 88 01 01 03 04  01 01 00 02 86 01 00 02  | ................
0000000000063000 | 80 01 10 00 84 01 10 00  05 01 01 00 00 81 01 00  | ................
0000000000063010 | 02 01 01 10 00 01 01 10  01 84 01 10 00 02 02 01  | ................
0000000000063020 | 01 02 86 01 01 00 32 03  01 00 02 82 01 00 00 05  | ......2.........
0000000000063030 | 01 02 02 01 01 02 03 82  01 02 00 05 01 03 02 82  | ................
0000000000063040 | 01 03 00 01 01 04 02 01  01 04 03 05 01 04 02 82  | ................
0000000000063050 | 01 04 00 05 01 05 02 82  01 05 00 01 01 06 01 04  | ................
0000000000063060 | 01 06 02 82 01 06 00 05  01 07 02 82 01 07 00 01  | ................
0000000000063070 | 01 08 01 04 01 08 02 82  01 08 00 02 01 09 02 01  | ................
0000000000063080 | 01 09 03 02 01 09 02 01  01 09 01 02 01 09 02 82  | ................
0000000000063090 | 01 09 00 04 01 0A 02 01  01 0A 01 01 01 0A 02 82  | ................
00000000000630A0 | 01 0A 00 04 01 0B 02 02  01 0B 01 82 01 0B 00 04  | ................
00000000000630B0 | 01 0C 02 01 01 0C 03 02  01 0C 02 82 01 0C 00 02  | ................
00000000000630C0 | 01 0D 02 01 01 0D 01 02  01 0D 02 01 01 0D 03 01  | ................
00000000000630D0 | 01 0D 02 82 01 0D 00 05  01 0E 02 82 01 0E 00 05  | ................
00000000000630E0 | 01 48 02 82 01 48 00 05  01 0F 02 82 01 0F 00 03  | .H...H..........
00000000000630F0 | 01 0F 01 00 02 00 03 00  04 00 05 02 06 02 07 02  | ................
0000000000063100 | 08 01 09 01 0A 01 0B 01  0C 03 0D 03 0E 03 0F 03  | ................
0000000000063110 | 01 0B 02 00 03 00 04 00  06 01 07 03 09 01 0A 00  | ................
0000000000063120 | 0B 00 0D 03 0E 00 0F 00  01 04 03 01 04 03 0B 01  | ................
0000000000063130 | 0F 03 03 88 02 10 02 11  02 80 01 10 02 84 01 10  | ................
0000000000063140 | 00 02 80 01 11 02 84 01  11 00 01 02 02 10 00 11  | ................
0000000000063150 | 00 01 04 01 10 00 01 04  01 11 00 01 8F 01 00 00  | ................
0000000000063160 | 01 04 08 3E 02 3F 02 40  02 41 02 42 02 43 02 44  | ...>.?.@.A.B.C.D
0000000000063170 | 02 45 02 01 04 01 46 02  05 01 0F 00 02 01 02 02  | .E....F.........
0000000000063180 | 02 03 02 04 02 05 01 06  01 07 01 08 01 09 01 0A  | ................
0000000000063190 | 03 0B 03 0C 03 0D 03 0E  03 01 0C 00 02 01 02 02  | ................
00000000000631A0 | 01 03 03 05 01 06 01 07  01 08 01 0A 03 0B 03 0C  | ................
00000000000631B0 | 03 0D 03 01 08 00 01 01  03 05 01 06 02 07 02 0A  | ................
00000000000631C0 | 03 0B 02 0C 02 01 02 06  02 0B 02 84 0B 00 02 01  | ................
00000000000631D0 | 02 02 02 03 02 05 02 08  02 09 02 0A 02 0D 02 0E  | ................
00000000000631E0 | 02 0F 02 01 01 01 01 02  03 01 01 02 02 01 01 02  | ................
00000000000631F0 | 01 84 01 02 00 01 84 01  00 02 03 01 01 00 03 01  | ................
0000000000063200 | 01 00 02 05 02 00 02 02  02 01 8F 01 00 03 01 88  | ................
0000000000063210 | 01 01 00 02 01 01 00 02  84 01 00 02 01 02 01 01  | ................
0000000000063220 | 02 88 01 01 02 03 88 13  00 01 02 02 03 03 04 01  | ................
0000000000063230 | 05 03 06 02 07 03 08 03  09 01 0A 03 0B 03 0C 01  | ................
0000000000063240 | 0D 03 0E 01 0F 03 10 02  11 01 12 03 13 01 88 13  | ................
0000000000063250 | 00 03 02 01 03 02 04 03  05 01 06 03 07 02 08 02  | ................
0000000000063260 | 09 03 0A 02 0B 01 0C 02  0D 02 0E 03 0F 01 10 01  | ................
0000000000063270 | 11 03 12 02 13 02 88 13  00 02 02 03 03 01 04 02  | ................
0000000000063280 | 05 02 06 01 07 01 08 01  09 02 0A 01 0B 02 0C 03  | ................
0000000000063290 | 0D 01 0E 02 0F 02 10 03  11 02 12 01 13 03 05 01  | ................
00000000000632A0 | 13 00 02 01 02 02 02 03  02 04 02 05 02 06 02 07  | ................
00000000000632B0 | 02 08 02 09 01 0A 01 0B  01 0C 01 0D 01 0E 03 0F  | ................
00000000000632C0 | 03 10 03 11 03 12 03 01  10 00 02 01 02 02 02 03  | ................
00000000000632D0 | 02 04 02 05 02 06 02 07  02 0A 02 0B 01 0C 01 0D  | ................
00000000000632E0 | 01 0F 02 10 03 11 03 12  03 01 0B 00 02 01 02 02  | ................
00000000000632F0 | 02 03 01 04 01 05 03 06  03 0C 01 0D 02 11 03 12  | ................
0000000000063300 | 02 01 04 00 01 02 03 04  01 06 03 88 0D 00 02 02  | ................
0000000000063310 | 02 03 02 04 02 05 02 06  02 09 02 0B 02 0C 02 0E  | ................
0000000000063320 | 02 10 02 11 02 13 02 01  81 14 00 02 01 02 02 02  | ................
0000000000063330 | 03 02 04 02 05 02 06 02  07 02 08 02 09 02 0A 02  | ................
0000000000063340 | 0B 02 0C 02 0D 02 0E 02  0F 02 10 02 11 02 12 02  | ................
0000000000063350 | 13 02 02 8F 01 01 02 84  01 01 00 03 8F 01 00 00  | ................
0000000000063360 | 8F 01 00 00 05 1D 02 00  03 00 04 00 05 00 06 00  | ................
0000000000063370 | 07 00 08 00 09 00 0A 00  0B 00 0C 00 0D 00 0E 00  | ................
0000000000063380 | 0F 00 10 00 11 00 12 00  13 00 14 00 15 00 16 00  | ................
0000000000063390 | 17 00 18 00 19 00 1A 00  1B 00 1C 00 1D 00 1E 00  | ................
00000000000633A0 | 05 01 01 00 01 01 02 00  01 01 02 04 02 00 01 01  | ................
00000000000633B0 | 01 88 02 00 01 01 01 88  02 00 03 01 01 04 01 01  | ................
00000000000633C0 | 00 00 01 01 00 03 82 01  00 03 80 01 01 01 01 01  | ................
00000000000633D0 | 01 00 01 08 01 02 00 02  01 01 02 02 00 01 01 01  | ................
00000000000633E0 | 01 02 00 02 01 01 01 02  00 02 01 02 01 03 00 01  | ................
00000000000633F0 | 01 02 03 03 01 03 00 01  01 01 03 03 01 03 00 01  | ................
0000000000063400 | 01 01 03 00 88 01 03 03  02 01 02 00 01 03 02 84  | ................
0000000000063410 | 02 03 00 04 03 02 01 02  00 03 03 00 84 02 00 01  | ................
0000000000063420 | 03 01 03 8F 01 03 03 8F  01 03 00 8F 01 03 02 03  | ................
0000000000063430 | 01 01 01 00 01 01 01 01  84 02 00 00 01 02 09 01  | ................
0000000000063440 | 03 00 03 03 03 04 03 01  03 00 00 03 03 04 03 01  | ................
0000000000063450 | 03 00 03 01 03 04 03 01  04 00 03 01 03 03 00 04  | ................
0000000000063460 | 03 01 04 00 03 01 03 03  03 04 00 01 04 00 00 01  | ................
0000000000063470 | 03 03 03 04 03 01 04 00  03 01 00 03 03 04 03 01  | ................
0000000000063480 | 04 00 03 01 03 03 00 04  03 01 04 00 03 01 03 03  | ................
0000000000063490 | 03 04 00 01 06 01 02 02  01 0A 01 02 00 01 03 01  | ................
00000000000634A0 | 04 01 03 02 01 04 01 01  01 04 02 01 01 04 01 01  | ................
00000000000634B0 | 80 01 04 01 01 82 01 03  03 05 02 01 03 03 01 01  | ................
00000000000634C0 | 03 00 01 01 03 03 01 02  03 03 04 00 04 02 03 03  | ................
00000000000634D0 | 04 03 00 00 00 00 00 00  00 00 00 00 00 00 00 00  | ................
00000000000634E0 | 00 00 00 00 00 00 00 00  00 00 00 00 00 00 00 00  | ................
00000000000634F0 | 00 00 00 00 00 00 00 00  00 00 00 00 00 00 00 00  | ................
0000000000063500 | 00 00 00 00 00 00 00 00  00 00 00 00 00 00 00 00  | ................
0000000000063510 | 00 00 00 00 00 00 00 00  00 00 00 00 00 00 00 00  | ................
0000000000063520 | 00 00 00 00 00 00 00 00  00 00 00 00 00 00 00 00  | ................
0000000000063530 | 00 00 00 00 00 00 00 00  00 00 00 00 00 00 00 00  | ................
0000000000063540 | 00 00 00 00 00 00 00 00  00 00 00 00 00 00 00 00  | ................
0000000000063550 | 00 00 00 00 00 00 00 00  00 00 00 00 00 00 00 00  | ................
0000000000063560 | 00 00 00 00 00 00 00 00  00 00 00 00 00 00 00 00  | ................
0000000000063570 | 00 00 00 00 00 00 00 00  00 00 00 00 00 00 00 00  | ................
0000000000063580 | 00 00 00 00 00 00 00 00  00 00 00 00 00 00 00 00  | ................
0000000000063590 | 00 00 00 00 00 00 00 00  00 00 00 00 00 00 00 00  | ................
00000000000635A0 | 00 00 00 00 00 00 00 00  00 00 00 00 00 00 00 00  | ................
00000000000635B0 | 00 00 00 00 00 00 00 00  00 00 00 00 00 00 00 00  | ................
00000000000635C0 | 00 00 00 00 00 00 00 00  00 00 00 00 00 00 00 00  | ................
00000000000635D0 | 00 00 00 00 00 00 00 00  00 00 00 00 00 00 00 00  | ................
00000000000635E0 | 00 00 00 00 00 00 00 00  00 00 00 00 00 00 00 00  | ................
00000000000635F0 | 00 00 00 00 00 00 00 00  00 00 00 00 00 00 00 00  | ................
0000000000063600 | 00 00 00 00 00 00 00 00  00 00 00 00 00 00 00 00  | ................
0000000000063610 | 00 00 00 00 00 00 00 00  00 00 00 00 00 00 00 00  | ................
0000000000063620 | 00 00 00 00 00 00 00 00  00 00 00 00 00 00 00 00  | ................
0000000000063630 | 00 00 00 00 00 00 00 00  00 00 00 00 00 00 00 00  | ................
0000000000063640 | 00 00 00 00 00 00 00 00  00 00 00 00 00 00 00 00  | ................
0000000000063650 | 00 00 00 00 00 00 00 00  00 00 00 00 00 00 00 00  | ................
0000000000063660 | 00 00 00 00 00 00 00 00  00 00 00 00 00 00 00 00  | ................
0000000000063670 | 00 00 00 00 00 00 00 00  00 00 00 00 00 00 00 00  | ................
0000000000063680 | 00 00 00 00 00 00 00 00  00 00 00 00 00 00 00 00  | ................
0000000000063690 | 00 00 00 00 00 00 00 00  00 00 00 00 00 00 00 00  | ................
00000000000636A0 | 00 00 00 00 00 00 00 00  00 00 00 00 00 00 00 00  | ................
00000000000636B0 | 00 00 00 00 00 00 00 00  00 00 00 00 00 00 00 00  | ................
00000000000636C0 | 00 00 00 00 00 00 00 00  00 00 00 00 00 00 00 00  | ................
00000000000636D0 | 00 00 00 00 00 00 00 00  00 00 00 00 00 00 00 00  | ................
00000000000636E0 | 00 00 00 00 00 00 00 00  00 00 00 00 00 00 00 00  | ................
00000000000636F0 | 00 00 00 00 00 00 00 00  00 00 00 00 00 00 00 00  | ................
0000000000063700 | 00 00 00 00 00 00 00 00  00 00 00 00 00 00 00 00  | ................
0000000000063710 | 00 00 00 00 00 00 00 00  00 00 00 00 00 00 00 00  | ................
0000000000063720 | 00 00 00 00 00 00 00 00  00 00 00 00 00 00 00 00  | ................
0000000000063730 | 00 00 00 00 00 00 00 00  00 00 00 00 00 00 00 00  | ................
0000000000063740 | 00 00 00 00 00 00 00 00  00 00 00 00 00 00 00 00  | ................
0000000000063750 | 00 00 00 00 00 00 00 00  00 00 00 00 00 00 00 00  | ................
0000000000063760 | 00 00 00 00 00 00 00 00  00 00 00 00 00 00 00 00  | ................
0000000000063770 | 00 00 00 00 00 00 00 00  00 00 00 00 00 00 00 00  | ................
0000000000063780 | 00 00 00 00 00 00 00 00  00 00 00 00 00 00 00 00  | ................
0000000000063790 | 00 00 00 00 00 00 00 00  00 00 00 00 00 00 00 00  | ................
00000000000637A0 | 00 00 00 00 00 00 00 00  00 00 00 00 00 00 00 00  | ................
00000000000637B0 | 00 00 00 00 00 00 00 00  00 00 00 00 00 00 00 00  | ................
00000000000637C0 | 00 00 00 00 00 00 00 00  00 00 00 00 00 00 00 00  | ................
00000000000637D0 | 00 00 00 00 00 00 00 00  00 00 00 00 00 00 00 00  | ................
00000000000637E0 | 00 00 00 00 00 00 00 00  00 00 00 00 00 00 00 00  | ................
00000000000637F0 | 00 00 00 00 00 00 00 00  00 00 00 00 00 00 00 00  | ................
0000000000063800 | 00 00 00 00 00 00 00 00  00 00 00 00 00 00 00 00  | ................
0000000000063810 | 00 00 00 00 00 00 00 00  00 00 00 00 00 00 00 00  | ................
0000000000063820 | 00 00 00 00 00 00 00 00  00 00 00 00 00 00 00 00  | ................
0000000000063830 | 00 00 00 00 00 00 00 00  00 00 00 00 00 00 00 00  | ................
0000000000063840 | 00 00 00 00 00 00 00 00  00 00 00 00 00 00 00 00  | ................
0000000000063850 | 00 00 00 00 00 00 00 00  00 00 00 00 00 00 00 00  | ................
0000000000063860 | 00 00 00 00 00 00 00 00  00 00 00 00 00 00 00 00  | ................
0000000000063870 | 00 00 00 00 00 00 00 00  00 00 00 00 00 00 00 00  | ................
0000000000063880 | 00 00 00 00 00 00 00 00  00 00 00 00 00 00 00 00  | ................
0000000000063890 | 00 00 00 00 00 00 00 00  00 00 00 00 00 00 00 00  | ................
00000000000638A0 | 00 00 00 00 00 00 00 00  00 00 00 00 00 00 00 00  | ................
00000000000638B0 | 00 00 00 00 00 00 00 00  00 00 00 00 00 00 00 00  | ................
00000000000638C0 | 00 00 00 00 00 00 00 00  00 00 00 00 00 00 00 00  | ................
00000000000638D0 | 00 00 00 00 00 00 00 00  00 00 00 00 00 00 00 00  | ................
00000000000638E0 | 00 00 00 00 00 00 00 00  00 00 00 00 00 00 00 00  | ................
00000000000638F0 | 00 00 00 00 00 00 00 00  00 00 00 00 00 00 00 00  | ................
0000000000063900 | 00 00 00 00 00 00 00 00  00 00 00 00 00 00 00 00  | ................
0000000000063910 | 00 00 00 00 00 00 00 00  00 00 00 00 00 00 00 00  | ................
0000000000063920 | 00 00 00 00 00 00 00 00  00 00 00 00 00 00 00 00  | ................
0000000000063930 | 00 00 00 00 00 00 00 00  00 00 00 00 00 00 00 00  | ................
0000000000063940 | 00 00 00 00 00 00 00 00  00 00 00 00 00 00 00 00  | ................
0000000000063950 | 00 00 00 00 00 00 00 00  00 00 00 00 00 00 00 00  | ................
0000000000063960 | 00 00 00 00 00 00 00 00  00 00 00 00 00 00 00 00  | ................
0000000000063970 | 00 00 00 00 00 00 00 00  00 00 00 00 00 00 00 00  | ................
0000000000063980 | 00 00 00 00 00 00 00 00  00 00 00 00 00 00 00 00  | ................
0000000000063990 | 00 00 00 00 00 00 00 00  00 00 00 00 00 00 00 00  | ................
00000000000639A0 | 00 00 00 00 00 00 00 00  00 00 00 00 00 00 00 00  | ................
00000000000639B0 | 00 00 00 00 00 00 00 00  00 00 00 00 00 00 00 00  | ................
00000000000639C0 | 00 00 00 00 00 00 00 00  00 00 00 00 00 00 00 00  | ................
00000000000639D0 | 00 00 00 00 00 00 00 00  00 00 00 00 00 00 00 00  | ................
00000000000639E0 | 00 00 00 00 00 00 00 00  00 00 00 00 00 00 00 00  | ................
00000000000639F0 | 00 00 00 00 00 00 00 00  00 00 00 00 00 00 00 00  | ................
0000000000063A00 | 00 00 00 00 00 00 00 00  00 00 00 00 00 00 00 00  | ................
0000000000063A10 | 00 00 00 00 00 00 00 00  00 00 00 00 00 00 00 00  | ................
0000000000063A20 | 00 00 00 00 00 00 00 00  00 00 00 00 00 00 00 00  | ................
0000000000063A30 | 00 00 00 00 00 00 00 00  00 00 00 00 00 00 00 00  | ................
0000000000063A40 | 00 00 00 00 00 00 00 00  00 00 00 00 00 00 00 00  | ................
0000000000063A50 | 00 00 00 00 00 00 00 00  00 00 00 00 00 00 00 00  | ................
0000000000063A60 | 00 00 00 00 00 00 00 00  00 00 00 00 00 00 00 00  | ................
0000000000063A70 | 00 00 00 00 00 00 00 00  00 00 00 00 00 00 00 00  | ................
0000000000063A80 | 00 00 00 00 00 00 00 00  00 00 00 00 00 00 00 00  | ................
0000000000063A90 | 00 00 00 00 00 00 00 00  00 00 00 00 00 00 00 00  | ................
0000000000063AA0 | 00 00 00 00 00 00 00 00  00 00 00 00 00 00 00 00  | ................
0000000000063AB0 | 00 00 00 00 00 00 00 00  00 00 00 00 00 00 00 00  | ................
0000000000063AC0 | 00 00 00 00 00 00 00 00  00 00 00 00 00 00 00 00  | ................
0000000000063AD0 | 00 00 00 00 00 00 00 00  00 00 00 00 00 00 00 00  | ................
0000000000063AE0 | 00 00 00 00 00 00 00 00  00 00 00 00 00 00 00 00  | ................
0000000000063AF0 | 00 00 00 00 00 00 00 00  00 00 00 00 00 00 00 00  | ................
0000000000063B00 | 00 00 00 00 00 00 00 00  00 00 00 00 00 00 00 00  | ................
0000000000063B10 | 00 00 00 00 00 00 00 00  00 00 00 00 00 00 00 00  | ................
0000000000063B20 | 00 00 00 00 00 00 00 00  00 00 00 00 00 00 00 00  | ................
0000000000063B30 | 00 00 00 00 00 00 00 00  00 00 00 00 00 00 00 00  | ................
0000000000063B40 | 00 00 00 00 00 00 00 00  00 00 00 00 00 00 00 00  | ................
0000000000063B50 | 00 00 00 00 00 00 00 00  00 00 00 00 00 00 00 00  | ................
0000000000063B60 | 00 00 00 00 00 00 00 00  00 00 00 00 00 00 00 00  | ................
0000000000063B70 | 00 00 00 00 00 00 00 00  00 00 00 00 00 00 00 00  | ................
0000000000063B80 | 00 00 00 00 00 00 00 00  00 00 00 00 00 00 00 00  | ................
0000000000063B90 | 00 00 00 00 00 00 00 00  00 00 00 00 00 00 00 00  | ................
0000000000063BA0 | 00 00 00 00 00 00 00 00  00 00 00 00 00 00 00 00  | ................
0000000000063BB0 | 00 00 00 00 00 00 00 00  00 00 00 00 00 00 00 00  | ................
0000000000063BC0 | 00 00 00 00 00 00 00 00  00 00 00 00 00 00 00 00  | ................
0000000000063BD0 | 00 00 00 00 00 00 00 00  00 00 00 00 00 00 00 00  | ................
0000000000063BE0 | 00 00 00 00 00 00 00 00  00 00 00 00 00 00 00 00  | ................
0000000000063BF0 | 00 00 00 00 00 00 00 00  00 00 00 00 00 00 00 00  | ................
0000000000063C00 | 00 00 00 00 00 00 00 00  00 00 00 00 00 00 00 00  | ................
0000000000063C10 | 00 00 00 00 00 00 00 00  00 00 00 00 00 00 00 00  | ................
0000000000063C20 | 00 00 00 00 00 00 00 00  00 00 00 00 00 00 00 00  | ................
0000000000063C30 | 00 00 00 00 00 00 00 00  00 00 00 00 00 00 00 00  | ................
0000000000063C40 | 00 00 00 00 00 00 00 00  00 00 00 00 00 00 00 00  | ................
0000000000063C50 | 00 00 00 00 00 00 00 00  00 00 00 00 00 00 00 00  | ................
0000000000063C60 | 00 00 00 00 00 00 00 00  00 00 00 00 00 00 00 00  | ................
0000000000063C70 | 00 00 00 00 00 00 00 00  00 00 00 00 00 00 00 00  | ................
0000000000063C80 | 00 00 00 00 00 00 00 00  00 00 00 00 00 00 00 00  | ................
0000000000063C90 | 00 00 00 00 00 00 00 00  00 00 00 00 00 00 00 00  | ................
0000000000063CA0 | 00 00 00 00 00 00 00 00  00 00 00 00 00 00 00 00  | ................
0000000000063CB0 | 00 00 00 00 00 00 00 00  00 00 00 00 00 00 00 00  | ................
0000000000063CC0 | 00 00 00 00 00 00 00 00  00 00 00 00 00 00 00 00  | ................
0000000000063CD0 | 00 00 00 00 00 00 00 00  00 00 00 00 00 00 00 00  | ................
0000000000063CE0 | 00 00 00 00 00 00 00 00  00 00 00 00 00 00 00 00  | ................
0000000000063CF0 | 00 00 00 00 00 00 00 00  00 00 00 00 00 00 00 00  | ................
0000000000063D00 | 00 00 00 00 00 00 00 00  00 00 00 00 00 00 00 00  | ................
0000000000063D10 | 00 00 00 00 00 00 00 00  00 00 00 00 00 00 00 00  | ................
0000000000063D20 | 00 00 00 00 00 00 00 00  00 00 00 00 00 00 00 00  | ................
0000000000063D30 | 00 00 00 00 00 00 00 00  00 00 00 00 00 00 00 00  | ................
0000000000063D40 | 00 00 00 00 00 00 00 00  00 00 00 00 00 00 00 00  | ................
0000000000063D50 | 00 00 00 00 00 00 00 00  00 00 00 00 00 00 00 00  | ................
0000000000063D60 | 00 00 00 00 00 00 00 00  00 00 00 00 00 00 00 00  | ................
0000000000063D70 | 00 00 00 00 00 00 00 00  00 00 00 00 00 00 00 00  | ................
0000000000063D80 | 00 00 00 00 00 00 00 00  00 00 00 00 00 00 00 00  | ................
0000000000063D90 | 00 00 00 00 00 00 00 00  00 00 00 00 00 00 00 00  | ................
0000000000063DA0 | 00 00 00 00 00 00 00 00  00 00 00 00 00 00 00 00  | ................
0000000000063DB0 | 00 00 00 00 00 00 00 00  00 00 00 00 00 00 00 00  | ................
0000000000063DC0 | 00 00 00 00 00 00 00 00  00 00 00 00 00 00 00 00  | ................
0000000000063DD0 | 00 00 00 00 00 00 00 00  00 00 00 00 00 00 00 00  | ................
0000000000063DE0 | 00 00 00 00 00 00 00 00  00 00 00 00 00 00 00 00  | ................
0000000000063DF0 | 00 00 00 00 00 00 00 00  00 00 00 00 00 00 00 00  | ................
0000000000063E00 | 00 00 00 00 00 00 00 00  00 00 00 00 00 00 00 00  | ................
0000000000063E10 | 00 00 00 00 00 00 00 00  00 00 00 00 00 00 00 00  | ................
0000000000063E20 | 00 00 00 00 00 00 00 00  00 00 00 00 00 00 00 00  | ................
0000000000063E30 | 00 00 00 00 00 00 00 00  00 00 00 00 00 00 00 00  | ................
0000000000063E40 | 00 00 00 00 00 00 00 00  00 00 00 00 00 00 00 00  | ................
0000000000063E50 | 00 00 00 00 00 00 00 00  00 00 00 00 00 00 00 00  | ................
0000000000063E60 | 00 00 00 00 00 00 00 00  00 00 00 00 00 00 00 00  | ................
0000000000063E70 | 00 00 00 00 00 00 00 00  00 00 00 00 00 00 00 00  | ................
0000000000063E80 | 00 00 00 00 00 00 00 00  00 00 00 00 00 00 00 00  | ................
0000000000063E90 | 00 00 00 00 00 00 00 00  00 00 00 00 00 00 00 00  | ................
0000000000063EA0 | 00 00 00 00 00 00 00 00  00 00 00 00 00 00 00 00  | ................
0000000000063EB0 | 00 00 00 00 00 00 00 00  00 00 00 00 00 00 00 00  | ................
0000000000063EC0 | 00 00 00 00 00 00 00 00  00 00 00 00 00 00 00 00  | ................
0000000000063ED0 | 00 00 00 00 00 00 00 00  00 00 00 00 00 00 00 00  | ................
0000000000063EE0 | 00 00 00 00 00 00 00 00  00 00 00 00 00 00 00 00  | ................
0000000000063EF0 | 00 00 00 00 00 00 00 00  00 00 00 00 00 00 00 00  | ................
0000000000063F00 | 00 00 00 00 00 00 00 00  00 00 00 00 00 00 00 00  | ................
0000000000063F10 | 00 00 00 00 00 00 00 00  00 00 00 00 00 00 00 00  | ................
0000000000063F20 | 00 00 00 00 00 00 00 00  00 00 00 00 00 00 00 00  | ................
0000000000063F30 | 00 00 00 00 00 00 00 00  00 00 00 00 00 00 00 00  | ................
0000000000063F40 | 00 00 00 00 00 00 00 00  00 00 00 00 00 00 00 00  | ................
0000000000063F50 | 00 00 00 00 00 00 00 00  00 00 00 00 00 00 00 00  | ................
0000000000063F60 | 00 00 00 00 00 00 00 00  00 00 00 00 00 00 00 00  | ................
0000000000063F70 | 00 00 00 00 00 00 00 00  00 00 00 00 00 00 00 00  | ................
0000000000063F80 | 00 00 00 00 00 00 00 00  00 00 00 00 00 00 00 00  | ................
0000000000063F90 | 00 00 00 00 00 00 00 00  00 00 00 00 00 00 00 00  | ................
0000000000063FA0 | 00 00 00 00 00 00 00 00  00 00 00 00 00 00 00 00  | ................
0000000000063FB0 | 00 00 00 00 00 00 00 00  00 00 00 00 00 00 00 00  | ................
0000000000063FC0 | 00 00 00 00 00 00 00 00  00 00 00 00 00 00 00 00  | ................
0000000000063FD0 | 00 00 00 00 00 00 00 00  00 00 00 00 00 00 00 00  | ................
0000000000063FE0 | 00 00 00 00 00 00 00 00  00 00 00 00 00 00 00 00  | ................
0000000000063FF0 | 00 00 00 00 00 00 00 00  00 00 00 00 00 00 00 00  | ................
